0 1
0 11
4 19
48 7
483 2
4830 21
8281 4
2755 18
7543 20
5389 17
3862 10
8603 9
5977 22
9744 14
7383 3
3782 8
7802 12
7976 6
9713 15
7073 13
686 16
6867 0
8628 1
6224 11
2202 19
2014 7
129 2
1290 21
2902 4
9007 18
14 20
148 17
1487 10
4867 9
8645 22
6403 14
3994 3
9920 8
9140 12
1342 6
3415 15
4135 13
1327 16
3270 0
2679 1
6776 11
7722 19
7179 7
1744 2
7433 21
4290 4
2873 18
8723 20
7182 17
1778 10
7777 9
7724 22
7200 14
1957 3
9564 8
5580 12
5770 6
7667 15
6627 13
6233 16
2295 0
2936 1
9346 11
3401 19
3997 7
9952 2
9457 21
4516 4
5133 18
1302 20
3021 17
196 10
1964 9
9636 22
6306 14
3024 3
220 8
2203 12
2021 6
198 15
1986 13
9858 16
8524 0
5184 1
1805 11
8047 19
422 7
4223 2
2202 21
2015 4
137 18
1377 20
3771 17
7696 10
6915 9
9111 22
1056 14
559 3
5591 8
5878 12
8750 6
7446 15
4417 13
4147 16
1449 0
4483 1
4802 11
7996 19
9919 7
9130 2
1237 21
2372 4
3707 18
7056 20
519 17
5197 10
1939 9
9386 22
3806 14
8045 3
395 8
3953 12
9514 6
5079 15
761 13
7615 16
6108 0
1038 1
373 11
3734 19
7327 7
3224 2
2219 21
2185 4
1837 18
8370 20
3652 17
6506 10
5022 9
188 22
1889 14
8889 3
8835 8
8297 12
2919 6
9178 15
1723 13
7228 16
2238 0
2366 1
3646 11
6443 19
4396 7
3935 2
9329 21
3236 4
2340 18
3393 20
3917 17
9156 10
1501 9
5006 22
34 14
346 3
3461 8
4592 12
5897 6
8937 15
9320 13
3142 16
1406 0
4053 1
502 11
5024 19
213 7
2133 2
1316 21
3162 4
1600 18
6000 20
9973 17
9674 10
6681 9
6771 22
7677 14
6727 3
7229 8
2244 12
2431 6
4298 15
2958 13
9571 16
5654 0
6505 1
5008 11
49 19
498 7
4983 2
9802 21
7966 4
9612 18
6064 20
606 17
6067 10
632 9
6323 22
3197 14
1955 3
9544 8
5380 12
3770 6
7681 15
6767 13
7633 16
6288 0
2838 1
8366 11
3608 19
6067 7
631 2
6310 21
3067 4
650 18
6507 20
5036 17
332 10
3324 9
3222 22
2208 14
2072 3
707 8
7073 12
686 6
6862 15
8584 13
5789 16
7862 0
8571 1
5654 11
6509 19
5056 7
528 2
5280 21
2774 4
7727 18
7228 20
2239 17
2383 10
3820 9
8182 22
1773 14
7729 3
7242 8
2374 12
3731 6
7291 15
2867 13
8661 16
6561 0
5568 1
5645 11
6419 19
4156 7
1535 2
5343 21
3404 4
4020 18
179 20
1798 17
7980 10
9755 9
7490 22
4860 14
8578 3
5725 8
7218 12
2136 6
1348 15
3479 13
4774 16
7719 0
7141 1
1361 11
3607 19
6057 7
531 2
5310 21
3074 4
720 18
7207 20
2029 17
283 10
2834 9
8329 22
3243 14
2415 3
4137 8
1345 12
3448 6
4461 15
4588 13
5857 16
8542 0
5364 1
3605 11
6033 19
296 7
2963 2
9616 21
6106 4
1019 18
190 20
1908 17
9080 10
741 9
7413 22
4090 14
878 3
8781 8
7757 12
7526 6
5213 15
2101 13
1001 16
10 0
100 1
1000 11
10004 19
9985 7
9790 2
7837 21
8330 4
3245 18
2436 20
4354 17
3519 10
5173 9
1698 22
6982 14
9784 3
7778 8
7734 12
7296 6
2913 15
9122 13
1162 16
1620 0
6193 1
1888 11
8877 19
8722 7
7167 2
1621 21
6212 4
2079 18
783 20
7838 17
8338 10
3328 9
3262 22
2608 14
6072 3
679 8
6793 12
7893 6
8883 15
8780 13
7749 16
7448 0
4431 1
4282 11
2796 19
7954 7
9494 2
4877 21
8751 4
7455 18
4508 20
5060 17
572 10
5724 9
7208 22
2040 14
392 3
3921 8
9192 12
1862 6
8615 15
6100 13
963 16
9637 0
6307 1
3028 11
263 19
2638 7
6369 2
3648 21
6468 4
4639 18
6369 20
3656 17
6546 10
5422 9
4188 22
1861 14
8609 3
6035 8
311 12
3115 6
1131 15
1309 13
3088 16
866 0
8660 1
6544 11
5402 19
3993 7
9912 2
9057 21
516 4
5161 18
1582 20
5821 17
8182 10
1768 9
7676 22
6720 14
7164 3
1592 8
5916 12
9130 6
1239 15
2389 13
3881 16
8796 0
7904 1
8991 11
9858 19
8525 7
5197 2
1935 21
9352 4
3458 18
4566 20
5640 17
6372 10
3682 9
6802 22
7987 14
9827 3
8208 8
2027 12
261 6
2612 15
6112 13
1083 16
830 0
8300 1
2944 11
9430 19
4245 7
2425 2
4236 21
2341 4
3397 18
3956 20
9547 17
5414 10
4109 9
1065 22
652 14
6526 3
5219 8
2158 12
1571 6
5705 15
7021 13
166 16
1667 0
6663 1
6588 11
5842 19
8393 7
3877 2
8749 21
7443 4
4382 18
3799 20
7977 17
9728 10
7221 9
2164 22
1635 14
6349 3
3449 8
4472 12
4697 6
6944 15
9404 13
3982 16
9806 0
7997 1
9921 11
9151 19
1455 7
4546 2
5432 21
4294 4
2913 18
9123 20
1175 17
1750 10
7497 9
4924 22
9221 14
2153 3
1517 8
5166 12
1630 6
6295 15
2914 13
9131 16
1254 0
2533 1
5316 11
3129 19
1277 7
2766 2
7646 21
6420 4
4159 18
1569 20
5691 17
6882 10
8782 9
7767 22
7630 14
6257 3
2529 8
5279 12
2760 6
7588 15
5837 13
8340 16
3351 0
3489 1
4869 11
8666 19
6612 7
6081 2
768 21
7689 4
6842 18
8385 20
3802 17
8006 10
8 9
83 22
839 14
8396 3
3905 8
9032 12
262 6
2622 15
6212 13
2083 16
823 0
8230 1
2244 11
2430 19
4294 7
2915 2
9136 21
1306 4
3054 18
526 20
5268 17
2652 10
6510 9
5061 22
584 14
5846 3
8426 8
4207 12
2047 6
458 15
4586 13
5837 16
8342 0
3364 1
3619 11
6173 19
1696 7
6956 2
9518 21
5126 4
1226 18
2260 20
2594 17
5933 10
9299 9
2930 22
9295 14
2893 3
8917 8
9117 12
1112 6
1115 15
1149 13
1488 16
4880 0
8772 1
7664 11
6595 19
5916 7
9128 2
1217 21
2172 4
1707 18
7070 20
659 17
6597 10
5932 9
9288 22
2826 14
8252 3
2465 8
4639 12
6367 6
3630 15
6285 13
2813 16
8123 0
1174 1
1733 11
7327 19
3229 7
2272 2
2706 21
7055 4
502 18
5027 20
243 17
2437 10
4360 9
3575 22
5738 14
7351 3
3462 8
4602 12
5997 6
9937 15
9313 13
3072 16
706 0
7060 1
551 11
5514 19
5113 7
1098 2
973 21
9739 4
7328 18
3238 20
2367 17
3663 10
6613 9
6091 22
877 14
8776 3
7705 8
7004 12
10003 6
9969 15
9633 13
6272 16
2685 0
6836 1
8318 11
3128 19
1267 7
2666 2
6646 21
6427 4
4229 18
2269 20
2684 17
6833 10
8292 9
2867 22
8665 14
6600 3
5959 8
9558 12
5522 6
5187 15
1841 13
8408 16
4031 0
282 1
2820 11
8190 19
1852 7
8516 2
5104 21
1014 4
134 18
1347 20
3471 17
4696 10
6936 9
9321 22
3156 14
1545 3
5444 8
4408 12
4057 6
544 15
5446 13
4430 16
4279 0
2762 1
7606 11
6015 19
116 7
1163 2
1623 21
6232 4
2279 18
2783 20
7824 17
8198 10
1928 9
9276 22
2706 14
7052 3
472 8
4723 12
7207 6
2023 15
222 13
2225 16
2243 0
2416 1
4146 11
1436 19
4361 7
3585 2
5829 21
8264 4
2585 18
5843 20
8403 17
3981 10
9793 9
7870 22
8660 14
6550 3
5459 8
4558 12
5557 6
5537 15
5341 13
3380 16
3786 0
7839 1
8341 11
3358 19
3567 7
5652 2
6485 21
4817 4
8143 18
1381 20
3811 17
8096 10
908 9
9083 22
776 14
7766 3
7612 8
6074 12
703 6
7032 15
277 13
2775 16
7743 0
7381 1
3761 11
7593 19
5889 7
8858 2
8524 21
5193 4
1896 18
8960 20
9552 17
5464 10
4609 9
6065 22
617 14
6176 3
1719 8
7186 12
1816 6
8155 15
1500 13
4998 16
9959 0
9527 1
5207 11
2039 19
384 7
3843 2
8409 21
4043 4
403 18
4037 20
350 17
3507 10
5053 9
498 22
4989 14
9868 3
8618 8
6127 12
1233 6
2325 15
3242 13
2404 16
4033 0
302 1
3020 11
183 19
1838 7
8376 2
3704 21
7028 4
232 18
2327 20
3264 17
2626 10
6250 9
2461 22
4605 14
6028 3
239 8
2393 12
3921 6
9191 15
1853 13
8528 16
5231 0
2275 1
2736 11
7350 19
3459 7
4572 2
5692 21
6894 4
8899 18
8941 20
9362 17
3564 10
5623 9
6198 22
1947 14
9469 3
4628 8
6255 12
2513 6
5118 15
1151 13
1508 16
5080 0
765 1
7650 11
6455 19
4516 7
5135 2
1315 21
3152 4
1500 18
5000 20
9980 17
9744 10
7381 9
3764 22
7628 14
6237 3
2329 8
3279 12
2774 6
7728 15
7237 13
2326 16
3253 0
2509 1
5076 11
729 19
7298 7
2934 2
9326 21
3206 4
2040 18
393 20
3938 17
9366 10
3601 9
5992 22
9894 14
8883 3
8775 8
7697 12
6926 6
9220 15
2143 13
1421 16
4210 0
2072 1
706 11
7064 19
599 7
5993 2
9895 21
8896 4
8905 18
9001 20
9962 17
9564 10
5581 9
5778 22
7754 14
7497 3
4922 8
9195 12
1892 6
8915 15
9100 13
942 16
9427 0
4207 1
2042 11
410 19
4108 7
1055 2
543 21
5439 4
4356 18
3539 20
5377 17
3742 10
7403 9
3984 22
9828 14
8223 3
2175 8
1739 12
7388 6
3833 15
8315 13
3099 16
976 0
9760 1
7537 11
5325 19
3223 7
2212 2
2106 21
1055 4
544 18
5447 20
4443 17
4409 10
4066 9
635 22
6359 14
3554 3
5520 8
5168 12
1650 6
6495 15
4914 13
9117 16
1114 0
1133 1
1323 11
3227 19
2257 7
2559 2
5576 21
5734 4
7306 18
3018 20
167 17
1677 10
6767 9
7631 22
6270 14
2664 3
6627 8
6231 12
2273 6
2718 15
7172 13
1676 16
6760 0
7558 1
5531 11
5279 19
2763 7
7619 2
6141 21
1377 4
3764 18
7626 20
6219 17
2155 10
1540 9
5396 22
3934 14
9325 3
3188 8
1862 12
8618 6
6126 15
1224 13
2238 16
2373 0
3716 1
7139 11
1345 19
3451 7
4492 2
4892 21
8901 4
8955 18
9501 20
4955 17
9529 10
5231 9
2278 22
2775 14
7742 3
7372 8
3674 12
6724 6
7200 15
1957 13
9568 16
5624 0
6205 1
2008 11
70 19
708 7
7083 2
781 21
7819 4
8142 18
1371 20
3711 17
7096 10
915 9
9153 22
1476 14
4759 3
7563 8
5584 12
5810 6
8067 15
620 13
6205 16
2015 0
136 1
1360 11
3597 19
5957 7
9538 2
5317 21
3144 4
1420 18
4200 20
1980 17
9800 10
7941 9
9364 22
3586 14
5845 3
8416 8
4107 12
1047 6
465 15
4656 13
6537 16
5335 0
3315 1
3129 11
1273 19
2731 7
7299 2
2941 21
9405 4
3988 18
9866 20
8605 17
6001 10
9979 9
9730 22
7246 14
2417 3
4157 8
1545 12
5448 6
4447 15
4448 13
4457 16
4549 0
5462 1
4585 11
5826 19
8233 7
2277 2
2756 21
7555 4
5502 18
4992 20
9900 17
8944 10
9388 9
3820 22
8188 14
1830 3
8294 8
2887 12
8861 6
8556 15
5510 13
5070 16
672 0
6720 1
7158 11
1535 19
5351 7
3478 2
4759 21
7571 4
5662 18
6592 20
5886 17
8832 10
8268 9
2627 22
6265 14
2614 3
6127 8
1231 12
2308 6
3068 15
665 13
6655 16
6515 0
5108 1
1045 11
447 19
4478 7
4755 2
7522 21
5180 4
1766 18
7660 20
6559 17
5555 10
5519 9
5158 22
1554 14
5539 3
5356 8
3528 12
5264 6
2607 15
6062 13
583 16
5837 0
8335 1
3294 11
2923 19
9224 7
2180 2
1786 21
7862 4
8572 18
5671 20
6683 17
6795 10
7912 9
9074 22
686 14
6866 3
8619 8
6137 12
1333 6
3325 15
3235 13
2334 16
3333 0
3309 1
3069 11
673 19
6738 7
7341 2
3361 21
3598 4
5960 18
9572 20
5665 17
6622 10
6182 9
1781 22
7812 14
8077 3
715 8
7153 12
1486 6
4855 15
8528 13
5229 16
2262 0
2606 1
6046 11
422 19
4228 7
2255 2
2536 21
5355 4
3516 18
5146 20
1433 17
4330 10
3276 9
2742 22
7415 14
4107 3
1043 8
426 12
4265 6
2624 15
6232 13
2283 16
2823 0
8216 1
2104 11
1030 19
301 7
3013 2
109 21
1099 4
984 18
9847 20
8415 17
4101 10
986 9
9863 22
8576 14
5710 3
7066 8
614 12
6145 6
1410 15
4099 13
967 16
9677 0
6707 1
7028 11
235 19
2358 7
3569 2
5669 21
6664 4
6599 18
5955 20
9523 17
5174 10
1709 9
7086 22
820 14
8206 3
2005 8
39 12
395 6
3952 15
9505 13
4992 16
9899 0
8927 1
9214 11
2081 19
804 7
8043 2
374 21
3749 4
7470 18
4658 20
6560 17
5565 10
5619 9
6158 22
1547 14
5469 3
4656 8
6535 12
5313 6
3097 15
955 13
9555 16
5494 0
4905 1
9022 11
161 19
1618 7
6176 2
1718 21
7182 4
1772 18
7720 20
7159 17
1548 10
5477 9
4738 22
7361 14
3567 3
5650 8
6468 12
4643 6
6404 15
4004 13
17 16
177 0
1770 1
7693 11
6885 19
8816 7
8107 2
1014 21
142 4
1421 18
4210 20
2080 17
793 10
7934 9
9294 22
2886 14
8852 3
8465 8
4597 12
5947 6
9437 15
4313 13
3107 16
1056 0
553 1
5530 11
5269 19
2663 7
6619 2
6148 21
1447 4
4464 18
4619 20
6170 17
1665 10
6647 9
6431 22
4277 14
2748 3
7467 8
4624 12
6217 6
2130 15
1292 13
2918 16
9173 0
1667 1
6663 11
6592 19
5886 7
8828 2
8224 21
2193 4
1917 18
9170 20
1645 17
6450 10
4462 9
4595 22
5931 14
9281 3
2748 8
7469 12
4646 6
6434 15
4304 13
3017 16
156 0
1560 1
5593 11
5899 19
8963 7
9577 2
5707 21
7044 4
392 18
3927 20
9257 17
2514 10
5130 9
1268 22
2682 14
6812 3
8079 8
737 12
7375 6
3703 15
7015 13
106 16
1067 0
663 1
6630 11
6262 19
2586 7
5849 2
8455 21
4503 4
5003 18
2 20
28 17
287 10
2874 9
8729 22
7243 14
2387 3
3857 8
8552 12
5469 6
4657 15
6548 13
5443 16
4402 0
3992 1
9899 11
8931 19
9262 7
2560 2
5586 21
5834 4
8306 18
3011 20
97 17
977 10
9774 9
7680 22
6760 14
7564 3
5592 8
5888 12
8850 6
8446 15
4410 13
4077 16
749 0
7490 1
4851 11
8486 19
4812 7
8095 2
894 21
8949 4
9435 18
4294 20
2920 17
9193 10
1871 9
8706 22
7013 14
87 3
871 8
8713 12
7079 6
743 15
7436 13
4316 16
3139 0
1369 1
3683 11
6813 19
8096 7
907 2
9070 21
646 4
6461 18
4575 20
5730 17
7272 10
2675 9
6739 22
7357 14
3527 3
5250 8
2468 12
4671 6
6684 15
6804 13
8003 16
9988 0
9817 1
8107 11
1018 19
181 7
1813 2
8123 21
1183 4
1824 18
8240 20
2352 17
3513 10
5113 9
1098 22
982 14
9826 3
8198 8
1927 12
9268 6
2619 15
6182 13
1783 16
7830 0
8251 1
2454 11
4530 19
5280 7
2768 2
7666 21
6620 4
6159 18
1555 20
5551 17
5482 10
4789 9
7865 22
8610 14
6050 3
459 8
4593 12
5907 6
9037 15
313 13
3135 16
1336 0
3353 1
3509 11
5073 19
703 7
7033 2
281 21
2819 4
8177 18
1721 20
7211 17
2068 10
670 9
6703 22
6997 14
9934 3
9278 8
2720 12
7191 6
1863 15
8629 13
6239 16
2355 0
3536 1
5339 11
3359 19
3577 7
5752 2
7485 21
4810 4
8073 18
681 20
6818 17
8145 10
1398 9
3976 22
9748 14
7423 3
4182 8
1795 12
7948 6
9433 15
4273 13
2707 16
7063 0
581 1
5810 11
8069 19
642 7
6423 2
4188 21
1861 4
8604 18
5991 20
9883 17
8774 10
7688 9
6834 22
8307 14
3020 3
180 8
1803 12
8028 6
226 15
2266 13
2651 16
6503 0
4988 1
9852 11
8461 19
4562 7
5595 2
5915 21
9124 4
1178 18
1780 20
7801 17
7968 10
9635 9
6290 22
2867 14
8662 3
6565 8
5611 12
6080 6
760 15
7606 13
6016 16
125 0
1250 1
2493 11
4920 19
9180 7
1740 2
7393 21
3890 4
8880 18
8751 20
7462 17
4578 10
5756 9
7528 22
5240 14
2371 3
3697 8
6952 12
9483 6
4769 15
7668 13
6636 16
6325 0
3208 1
2059 11
580 19
5808 7
8048 2
424 21
4249 4
2463 18
4623 20
6210 17
2065 10
640 9
6403 22
3997 14
9955 3
9488 8
4820 12
8177 6
1716 15
7159 13
1546 16
5460 0
4565 1
5622 11
6189 19
1856 7
8556 2
5504 21
5014 4
106 18
1067 20
671 17
6717 10
7132 9
1274 22
2742 14
7412 3
4072 8
695 12
6955 6
9510 15
5043 13
400 16
4007 0
42 1
420 11
4204 19
2020 7
189 2
1890 21
8902 4
8965 18
9601 20
5955 17
9522 10
5161 9
1578 22
5782 14
7791 3
7862 8
8574 12
5689 6
6857 15
8534 13
5289 16
2862 0
8606 1
6004 11
2 19
28 7
283 2
2830 21
8295 4
2895 18
8943 20
9382 17
3764 10
7623 9
6184 22
1807 14
8069 3
635 8
6353 12
3493 6
4911 15
9088 13
822 16
8227 0
2214 1
2126 11
1250 19
2501 7
4999 2
9962 21
9566 4
5598 18
5952 20
9493 17
4874 10
8716 9
7107 22
1030 14
299 3
2991 8
9899 12
8932 6
9266 15
2603 13
6021 16
175 0
1750 1
7493 11
4885 19
8830 7
8247 2
2414 21
4135 4
1323 18
3230 20
2287 17
2863 10
8620 9
6147 22
1437 14
4369 3
3663 8
6612 12
6083 6
790 15
7906 13
9016 16
104 0
1040 1
393 11
3934 19
9327 7
3210 2
2079 21
785 4
7851 18
8468 20
4632 17
6299 10
2952 9
9509 22
5036 14
331 3
3311 8
3092 12
904 6
9042 15
363 13
3635 16
6336 0
3318 1
3159 11
1573 19
5731 7
7278 2
2731 21
7305 4
3002 18
6 20
68 17
687 10
6874 9
8701 22
6963 14
9594 3
5878 8
8748 12
7429 6
4243 15
2408 13
4071 16
689 0
6890 1
8858 11
8528 19
5232 7
2288 2
2866 21
8655 4
6495 18
4915 20
9130 17
1244 10
2437 9
4359 22
3571 14
5695 3
6916 8
9121 12
1152 6
1515 15
5149 13
1460 16
4600 0
5972 1
9685 11
6791 19
7876 7
8714 2
7084 21
800 4
8001 18
9968 20
9625 17
6194 10
1902 9
9016 22
106 14
1066 3
654 8
6543 12
5393 6
3897 15
8955 13
9499 16
4934 0
9312 1
3057 11
553 19
5538 7
5348 2
3445 21
4438 4
4353 18
3509 20
5077 17
742 10
7424 9
4194 22
1921 14
9209 3
2028 8
269 12
2695 6
6938 15
9344 13
3382 16
3806 0
8039 1
334 11
3344 19
3427 7
4252 2
2492 21
4915 4
9123 18
1174 20
1741 17
7410 10
4055 9
525 22
5259 14
2561 3
5597 8
5938 12
9350 6
3439 15
4375 13
3727 16
7256 0
2511 1
5096 11
929 19
9298 7
2920 2
9186 21
1806 4
8054 18
491 20
4918 17
9159 10
1531 9
5306 22
3034 14
325 3
3251 8
2492 12
4911 6
9084 15
783 13
7835 16
8308 0
3024 1
219 11
2194 19
1934 7
9336 2
3297 21
2958 4
9567 18
5614 20
6113 17
1095 10
947 9
9473 22
4676 14
6738 3
7339 8
3344 12
3424 6
4221 15
2188 13
1871 16
8710 0
7044 1
391 11
3914 19
9127 7
1210 2
2093 21
925 4
9251 18
2454 20
4534 17
5319 10
3159 9
1572 22
5722 14
7191 3
1862 8
8616 12
6109 6
1050 15
499 13
4995 16
9929 0
9227 1
2207 11
2060 19
594 7
5943 2
9395 21
3896 4
8940 18
9351 20
3455 17
4536 10
5336 9
3328 22
3268 14
2665 3
6637 8
6331 12
3273 6
2711 15
7102 13
976 16
9767 0
7607 1
6021 11
172 19
1728 7
7276 2
2711 21
7105 4
1002 18
20 20
208 17
2087 10
860 9
8603 22
5983 14
9801 3
7948 8
9434 12
4282 6
2794 15
7932 13
9276 16
2704 0
7026 1
211 11
2114 19
1134 7
1336 2
3353 21
3518 4
5160 18
1572 20
5721 17
7182 10
1775 9
7746 22
7420 14
4157 3
1543 8
5426 12
4230 6
2274 15
2732 13
7311 16
3068 0
659 1
6590 11
5862 19
8593 7
5877 2
8735 21
7303 4
2982 18
9813 20
8075 17
701 10
7014 9
94 22
949 14
9496 3
4898 8
8955 12
9499 6
4929 15
9268 13
2622 16
6213 0
2088 1
866 11
8664 19
6592 7
5881 2
8775 21
7703 4
6982 18
9785 20
7795 17
7908 10
9035 9
290 22
2909 14
9082 3
758 8
7583 12
5786 6
7827 15
8227 13
2219 16
2183 0
1816 1
8153 11
1478 19
4781 7
7785 2
7801 21
7970 4
9652 18
6464 20
4606 17
6039 10
352 9
3523 22
5218 14
2151 3
1497 8
4966 12
9637 6
6309 15
3054 13
524 16
5247 0
2435 1
4336 11
3336 19
3347 7
3452 2
4499 21
4971 4
9683 18
6774 20
7706 17
7018 10
135 9
1353 22
3532 14
5305 3
3016 8
142 12
1425 6
4245 15
2428 13
4271 16
2689 0
6876 1
8718 11
7128 19
1239 7
2386 2
3846 21
8448 4
4425 18
4229 20
2270 17
2693 10
6920 9
9161 22
1556 14
5559 3
5556 8
5528 12
5250 6
2467 15
4662 13
6597 16
5935 0
9315 1
3087 11
853 19
8538 7
5327 2
3235 21
2338 4
3367 18
3656 20
6547 17
5435 10
4319 9
3165 22
1638 14
6379 3
3749 8
7472 12
4676 6
6734 15
7304 13
2996 16
9953 0
9467 1
4607 11
6046 19
426 7
4263 2
2602 21
6015 4
109 18
1097 20
971 17
9717 10
7111 9
1064 22
642 14
6426 3
4219 8
2165 12
1641 6
6405 15
4014 13
117 16
1177 0
1763 1
7623 11
6185 19
1816 7
8156 2
1504 21
5042 4
386 18
3867 20
8657 17
6521 10
5172 9
1688 22
6882 14
8784 3
7785 8
7804 12
7996 6
9913 15
9073 13
672 16
6727 0
7228 1
2231 11
2300 19
2994 7
9929 2
9227 21
2216 4
2147 18
1463 20
4631 17
6289 10
2852 9
8509 22
5043 14
401 3
4011 8
85 12
855 6
8552 15
5470 13
4670 16
6679 0
6748 1
7438 11
4335 19
3330 7
3282 2
2799 21
7985 4
9802 18
7964 20
9599 17
5934 10
9309 9
3030 22
288 14
2886 3
8847 8
8417 12
4119 6
1164 15
1639 13
6388 16
3845 0
8429 1
4234 11
2316 19
3154 7
1522 2
5213 21
2104 4
1027 18
270 20
2708 17
7073 10
685 9
6853 22
8497 14
4920 3
9173 8
1670 12
6698 6
6940 15
9364 13
3582 16
5806 0
8025 1
194 11
1944 19
9441 7
4350 2
3472 21
4708 4
7053 18
488 20
4888 17
8859 10
8538 9
5327 22
3244 14
2425 3
4237 8
2345 12
3441 6
4391 15
3888 13
8864 16
8591 0
5854 1
8505 11
4998 19
9960 7
9540 2
5337 21
3344 4
3420 18
4186 20
1840 17
8400 10
3948 9
9462 22
4566 14
5638 3
6346 8
3421 12
4194 6
1914 15
9139 13
1332 16
3320 0
3179 1
1769 11
7687 19
6829 7
8251 2
2454 21
4535 4
5323 18
3202 20
2007 17
63 10
634 9
6343 22
3397 14
3955 3
9530 8
5240 12
2370 6
3688 15
6865 13
8613 16
6081 0
768 1
7680 11
6755 19
7516 7
5114 2
1105 21
1052 4
514 18
5147 20
1443 17
4430 10
4276 9
2735 22
7345 14
3407 3
4050 8
475 12
4755 6
7524 15
5197 13
1940 16
9400 0
3937 1
9349 11
3431 19
4297 7
2945 2
9436 21
4306 4
3033 18
316 20
3168 17
1666 10
6657 9
6531 22
5277 14
2741 3
7397 8
3924 12
9224 6
2179 15
1782 13
7818 16
8138 0
1324 1
3233 11
2313 19
3124 7
1222 2
2213 21
2125 4
1237 18
2370 20
3694 17
6926 10
9222 9
2160 22
1595 14
5949 3
9456 8
4500 12
4977 6
9744 15
7383 13
3786 16
7846 0
8411 1
4054 11
516 19
5168 7
1648 2
6473 21
4697 4
6943 18
9395 20
3895 17
8936 10
9308 9
3020 22
188 14
1886 3
8854 8
8487 12
4819 6
8164 15
1590 13
5898 16
8952 0
9464 1
4577 11
5746 19
7433 7
4284 2
2812 21
8115 4
1095 18
950 20
9508 17
5024 10
209 9
2093 22
925 14
9256 3
2498 8
4969 12
9667 6
6609 15
6054 13
503 16
5037 0
335 1
3350 11
3483 19
4817 7
8145 2
1394 21
3942 4
9400 18
3944 20
9427 17
4214 10
2116 9
1149 22
1492 14
4919 3
9163 8
1570 12
5698 6
6947 15
9434 13
4282 16
2799 0
7976 1
9711 11
7051 19
469 7
4693 2
6902 21
8987 4
9815 18
8094 20
892 17
8927 10
9218 9
2120 22
1195 14
1949 3
9484 8
4780 12
7777 6
7723 15
7187 13
1826 16
8260 0
2544 1
5426 11
4229 19
2270 7
2689 2
6876 21
8727 4
7215 18
2108 20
1074 17
740 10
7404 9
3994 22
9928 14
9223 3
2168 8
1669 12
6688 6
6840 15
8364 13
3589 16
5876 0
8725 1
7194 11
1895 19
8951 7
9457 2
4507 21
5051 4
476 18
4767 20
7650 17
6458 10
4542 9
5395 22
3924 14
9225 3
2188 8
1869 12
8688 6
6826 15
8224 13
2189 16
1883 0
8823 1
8174 11
1688 19
6881 7
8771 2
7654 21
6500 4
4959 18
9569 20
5635 17
6322 10
3182 9
1802 22
8022 14
170 3
1701 8
7006 12
16 6
162 15
1626 13
6258 16
2545 0
5436 1
4325 11
3226 19
2247 7
2459 2
4576 21
5741 4
7376 18
3718 20
7167 17
1628 10
6277 9
2731 22
7305 14
3007 3
50 8
503 12
5035 6
317 15
3176 13
1744 16
7440 0
4351 1
3482 11
4803 19
8010 7
47 2
470 21
4709 4
7063 18
588 20
5888 17
8852 10
8468 9
4627 22
6251 14
2474 3
4727 8
7245 12
2406 6
4048 15
458 13
4585 16
5829 0
8255 1
2494 11
4930 19
9280 7
2740 2
7386 21
3820 4
8180 18
1751 20
7511 17
5068 10
649 9
6493 22
4897 14
8948 3
9425 8
4190 12
1877 6
8765 15
7600 13
5956 16
9532 0
5257 1
2535 11
5340 19
3373 7
3712 2
7099 21
950 4
9501 18
4954 20
9520 17
5144 10
1409 9
4086 22
841 14
8416 3
4105 8
1025 12
248 6
2482 15
4812 13
8097 16
921 0
9210 1
2037 11
360 19
3608 7
6062 2
578 21
5789 4
7856 18
8518 20
5132 17
1292 10
2917 9
9159 22
1536 14
5359 3
3556 8
5542 12
5390 6
3867 15
8655 13
6499 16
4955 0
9522 1
5157 11
1539 19
5391 7
3878 2
8759 21
7543 4
5382 18
3792 20
7907 17
9028 10
221 9
2213 22
2125 14
1242 3
2414 8
4129 12
1267 6
2665 15
6642 13
6383 16
3795 0
7929 1
9241 11
2351 19
3504 7
5022 2
185 21
1859 4
8584 18
5791 20
7883 17
8788 10
7828 9
8234 22
2293 14
2922 3
9207 8
2010 12
91 6
912 15
9126 13
1202 16
2020 0
186 1
1860 11
8597 19
5922 7
9188 2
1817 21
8172 4
1665 18
6650 20
6466 17
4625 10
6226 9
2221 22
2205 14
2042 3
407 8
4073 12
707 6
7072 15
677 13
6775 16
7715 0
7101 1
961 11
9614 19
6085 7
811 2
8110 21
1053 4
524 18
5247 20
2443 17
4423 10
4206 9
2035 22
345 14
3456 3
4540 8
5375 12
3720 6
7181 15
1767 13
7668 16
6638 0
6338 1
3338 11
3363 19
3617 7
6152 2
1478 21
4782 4
7793 18
7888 20
8839 17
8341 10
3358 9
3562 22
5608 14
6051 3
469 8
4693 12
6907 6
9030 15
243 13
2435 16
4343 0
3402 1
3999 11
9973 19
9675 7
6690 2
6858 21
8547 4
5415 18
4122 20
1200 17
2000 10
9997 9
9910 22
9046 14
403 3
4031 8
285 12
2855 6
8538 15
5330 13
3270 16
2686 0
6846 1
8418 11
4128 19
1260 7
2596 2
5946 21
9434 4
4278 18
2759 20
7584 17
5798 10
7949 9
9444 22
4386 14
3838 3
8360 8
3547 12
5454 6
4507 15
5048 13
450 16
4507 0
5042 1
385 11
3854 19
8527 7
5217 2
2135 21
1345 4
3444 18
4426 20
4240 17
2379 10
3780 9
7782 22
7780 14
7757 3
7522 8
5174 12
1710 6
7095 15
907 13
9075 16
694 0
6940 1
9358 11
3521 19
5197 7
1938 2
9373 21
3676 4
6740 18
7365 20
3609 17
6076 10
722 9
7223 22
2190 14
1892 3
8914 8
9087 12
812 6
8122 15
1170 13
1698 16
6980 0
9758 1
7517 11
5125 19
1223 7
2226 2
2246 21
2455 4
4537 18
5349 20
3463 17
4616 10
6136 9
1321 22
3212 14
2105 3
1037 8
366 12
3665 6
6631 15
6274 13
2703 16
7023 0
181 1
1810 11
8097 19
922 7
9223 2
2167 21
1665 4
6644 18
6405 20
4016 17
139 10
1394 9
3936 22
9348 14
3423 3
4210 8
2075 12
741 6
7412 15
4077 13
747 16
7477 0
4721 1
7182 11
1775 19
7751 7
7464 2
4591 21
5891 4
8876 18
8711 20
7062 17
578 10
5784 9
7808 22
8040 14
350 3
3501 8
4992 12
9897 6
8909 15
9040 13
342 16
3427 0
4249 1
2462 11
4610 19
6080 7
761 2
7610 21
6060 4
559 18
5597 20
5943 17
9402 10
3961 9
9592 22
5866 14
8631 3
6255 8
2511 12
5101 6
977 15
9776 13
7702 16
6978 0
9738 1
7317 11
3125 19
1237 7
2366 2
3646 21
6448 4
4439 18
4369 20
3670 17
6686 10
6822 9
8181 22
1763 14
7629 3
6242 8
2381 12
3801 6
7991 15
9867 13
8612 16
6071 0
668 1
6680 11
6762 19
7586 7
5814 2
8105 21
1003 4
24 18
247 20
2478 17
4773 10
7706 9
7014 22
100 14
1006 3
54 8
543 12
5435 6
4317 15
3148 13
1464 16
4640 0
6372 1
3678 11
6763 19
7596 7
5914 2
9105 21
996 4
9961 18
9554 20
5485 17
4822 10
8196 9
1907 22
9072 14
663 3
6631 8
6271 12
2673 6
6718 15
7144 13
1396 16
3960 0
9579 1
5727 11
7239 19
2349 7
3479 2
4769 21
7671 4
6662 18
6585 20
5816 17
8132 10
1268 9
2676 22
6755 14
7514 3
5092 8
888 12
8885 6
8796 15
7910 13
9056 16
504 0
5040 1
365 11
3654 19
6527 7
5231 2
2275 21
2745 4
7437 18
4328 20
3260 17
2586 10
5850 9
8468 22
4633 14
6308 3
3039 8
372 12
3725 6
7231 15
2267 13
2661 16
6603 0
5988 1
9845 11
8391 19
3862 7
8602 2
5964 21
9614 4
6078 18
745 20
7458 17
4538 10
5356 9
3528 22
5268 14
2651 3
6497 8
4931 12
9287 6
2809 15
8082 13
769 16
7697 0
6921 1
9168 11
1621 19
6211 7
2071 2
696 21
6969 4
9649 18
6434 20
4306 17
3039 10
373 9
3733 22
7318 14
3137 3
1350 8
3496 12
4944 6
9414 15
4083 13
807 16
8077 0
714 1
7140 11
1355 19
3551 7
5492 2
4885 21
8831 4
8255 18
2501 20
5004 17
12 10
124 9
1243 22
2432 14
4312 3
3093 8
912 12
9125 6
1189 15
1889 13
8888 16
8831 0
8254 1
2484 11
4830 19
8280 7
2747 2
7456 21
4520 4
5173 18
1702 20
7021 17
168 10
1684 9
6836 22
8327 14
3220 3
2180 8
1789 12
7888 6
8833 15
8280 13
2749 16
7483 0
4781 1
7782 11
7775 19
7709 7
7044 2
391 21
3919 4
9170 18
1644 20
6441 17
4375 10
3726 9
7242 22
2380 14
3792 3
7900 8
8954 12
9489 6
4829 15
8268 13
2629 16
6283 0
2788 1
7866 11
8615 19
6102 7
981 2
9810 21
8046 4
405 18
4057 20
550 17
5507 10
5039 9
358 22
3589 14
5875 3
8716 8
7107 12
1026 6
255 15
2556 13
5551 16
5482 0
4785 1
7822 11
8175 19
1702 7
7016 2
111 21
1119 4
1184 18
1840 20
8401 17
3961 10
9593 9
5870 22
8674 14
6690 3
6859 8
8551 12
5459 6
4557 15
5548 13
5450 16
4472 0
4692 1
6892 11
8882 19
8772 7
7667 2
6621 21
6177 4
1729 18
7290 20
2859 17
8583 10
5778 9
7748 22
7440 14
4357 3
3543 8
5412 12
4090 6
874 15
8746 13
7409 16
4048 0
452 1
4520 11
5176 19
1733 7
7326 2
3211 21
2098 4
967 18
9677 20
6715 17
7115 10
1105 9
1046 22
462 14
4626 3
6233 8
2291 12
2901 6
8998 15
9930 13
9242 16
2364 0
3626 1
6239 11
2352 19
3514 7
5122 2
1185 21
1852 4
8514 18
5091 20
883 17
8837 10
8318 9
3127 22
1258 14
2579 3
5777 8
7738 12
7336 6
3313 15
3115 13
1134 16
1340 0
3393 1
3909 11
9073 19
675 7
6753 2
7488 21
4840 4
8373 18
3681 20
6797 17
7935 10
9305 9
2990 22
9895 14
8893 3
8875 8
8697 12
6919 6
9150 15
1443 13
4428 16
4259 0
2562 1
5606 11
6029 19
256 7
2563 2
5616 21
6134 4
1299 18
2990 20
9894 17
8884 10
8788 9
7827 22
8230 14
2250 3
2487 8
4859 12
8567 6
5616 15
6131 13
1273 16
2730 0
7286 1
2811 11
8100 19
952 7
9523 2
5167 21
1644 4
6434 18
4305 20
3030 17
286 10
2864 9
8629 22
6243 14
2394 3
3927 8
9252 12
2462 6
4608 15
6058 13
543 16
5437 0
4335 1
3322 11
3203 19
2017 7
159 2
1590 21
5902 4
8986 18
9811 20
8055 17
501 10
5014 9
108 22
1089 14
889 3
8891 8
8857 12
8519 6
5136 15
1331 13
3308 16
3066 0
639 1
6390 11
3862 19
8607 7
6017 2
128 21
1289 4
2884 18
8833 20
8282 17
2771 10
7700 9
6954 22
9507 14
5013 3
96 8
963 12
9635 6
6289 15
2854 13
8531 16
5261 0
2575 1
5736 11
7329 19
3249 7
2472 2
4706 21
7041 4
362 18
3627 20
6257 17
2535 10
5340 9
3368 22
3668 14
6665 3
6609 8
6051 12
473 6
4732 15
7298 13
2936 16
9353 0
3467 1
4649 11
6466 19
4626 7
6235 2
2308 21
3075 4
730 18
7307 20
3029 17
276 10
2764 9
7629 22
6250 14
2464 3
4627 8
6245 12
2413 6
4118 15
1158 13
1578 16
5780 0
7765 1
7601 11
5965 19
9623 7
6170 2
1658 21
6582 4
5779 18
7762 20
7579 17
5748 10
7449 9
4444 22
4421 14
4188 3
1853 8
8526 12
5209 6
2057 15
562 13
5625 16
6222 0
2178 1
1766 11
7657 19
6529 7
5251 2
2475 21
4745 4
7423 18
4188 20
1860 17
8600 10
5948 9
9448 22
4426 14
4238 3
2353 8
3519 12
5174 6
1707 15
7069 13
646 16
6467 0
4628 1
6252 11
2482 19
4814 7
8115 2
1094 21
942 4
9421 18
4154 20
1520 17
5200 10
1969 9
9686 22
6806 14
8024 3
185 8
1853 12
8528 6
5226 15
2231 13
2301 16
3003 0
9 1
90 11
904 19
9048 7
420 2
4200 21
1981 4
9804 18
7984 20
9799 17
7934 10
9295 9
2890 22
8895 14
8900 3
8945 8
9397 12
3912 6
9101 15
953 13
9535 16
5294 0
2905 1
9036 11
301 19
3018 7
162 2
1620 21
6202 4
1979 18
9790 20
7845 17
8408 10
4028 9
255 22
2559 14
5582 3
5786 8
7828 12
8236 6
2306 15
3052 13
504 16
5047 0
435 1
4350 11
3476 19
4747 7
7445 2
4401 21
3991 4
9890 18
8844 20
8392 17
3871 10
8693 9
6877 22
8737 14
7320 3
3152 8
1502 12
5018 6
147 15
1476 13
4758 16
7559 0
5541 1
5375 11
3719 19
7177 7
1724 2
7233 21
2290 4
2887 18
8863 20
8582 17
5771 10
7679 9
6744 22
7407 14
4027 3
243 8
2433 12
4321 6
3184 15
1825 13
8248 16
2431 0
4296 1
2932 11
9310 19
3045 7
432 2
4320 21
3181 4
1790 18
7900 20
8959 17
9541 10
5351 9
3478 22
4768 14
7658 3
6532 8
5281 12
2780 6
7788 15
7837 13
8326 16
3211 0
2089 1
876 11
8764 19
7592 7
5874 2
8705 21
7003 4
9989 18
9834 20
8285 17
2801 10
8000 9
9954 22
9486 14
4803 3
8003 8
9984 12
9782 6
7759 15
7547 13
5426 16
4232 0
2292 1
2906 11
9050 19
445 7
4453 2
4502 21
5001 4
9983 18
9774 20
7685 17
6808 10
8042 9
367 22
3679 14
6775 3
7709 8
7044 12
396 6
3962 15
9605 13
5992 16
9892 0
8857 1
8514 11
5088 19
853 7
8533 2
5274 21
2714 4
7127 18
1228 20
2281 17
2803 10
8020 9
147 22
1479 14
4789 3
7863 8
8584 12
5789 6
7857 15
8527 13
5219 16
2162 0
1606 1
6053 11
492 19
4928 7
9255 2
2487 21
4865 4
8623 18
6181 20
1776 17
7760 10
7555 9
5504 22
5014 14
111 3
1111 8
1106 12
1058 6
575 15
5756 13
7530 16
5258 0
2545 1
5436 11
4329 19
3270 7
2682 2
6806 21
8027 4
215 18
2157 20
1564 17
5640 10
6369 9
3651 22
6498 14
4944 3
9413 8
4070 12
677 6
6772 15
7684 13
6796 16
7925 0
9201 1
1947 11
9467 19
4615 7
6125 2
1208 21
2082 4
807 18
8077 20
722 17
7227 10
2225 9
2239 22
2385 14
3842 3
8400 8
3947 12
9454 6
4479 15
4768 13
7657 16
6528 0
5238 1
2345 11
3440 19
4387 7
3845 2
8429 21
4243 4
2403 18
4023 20
210 17
2107 10
1060 9
596 22
5969 14
9661 3
6548 8
5441 12
4380 6
3774 15
7725 13
7206 16
2018 0
166 1
1660 11
6597 19
5936 7
9328 2
3217 21
2158 4
1567 18
5670 20
6673 17
6695 10
6912 9
9081 22
756 14
7566 3
5612 8
6088 12
843 6
8432 15
4270 13
2677 16
6763 0
7588 1
5831 11
8279 19
2742 7
7409 2
4041 21
391 4
3911 18
9096 20
905 17
9057 10
511 9
5113 22
1104 14
1039 3
384 8
3843 12
8414 6
4086 15
838 13
8385 16
3801 0
7989 1
9841 11
8351 19
3462 7
4602 2
5992 21
9894 4
8878 18
8731 20
7262 17
2578 10
5770 9
7668 22
6640 14
6364 3
3599 8
5972 12
9690 6
6839 15
8354 13
3489 16
4876 0
8732 1
7264 11
2595 19
5944 7
9408 2
4017 21
151 4
1511 18
5110 20
1073 17
730 10
7304 9
2994 22
9935 14
9293 3
2868 8
8669 12
6639 6
6350 15
3464 13
4624 16
6219 0
2148 1
1466 11
4657 19
6550 7
5461 2
4575 21
5731 4
7276 18
2718 20
7174 17
1698 10
6977 9
9731 22
7256 14
2517 3
5157 8
1538 12
5378 6
3747 15
7455 13
4506 16
5039 0
355 1
3550 11
5483 19
4803 7
8005 2
10001 21
9956 4
9498 18
4924 20
9220 17
2144 10
1430 9
4296 22
2941 14
9402 3
3958 8
9562 12
5562 6
5587 15
5841 13
8380 16
3751 0
7489 1
4841 11
8386 19
3812 7
8102 2
964 21
9649 4
6428 18
4245 20
2430 17
4293 10
2906 9
9049 22
436 14
4366 3
3633 8
6312 12
3083 6
811 15
8116 13
1109 16
1090 0
893 1
8930 11
9248 19
2425 7
4239 2
2362 21
3615 4
6130 18
1265 20
2651 17
6503 10
4992 9
9895 22
8896 14
8910 3
9045 8
390 12
3905 6
9031 15
253 13
2535 16
5343 0
3395 1
3929 11
9273 19
2675 7
6739 2
7348 21
3440 4
4380 18
3779 20
7777 17
7728 10
7235 9
2304 22
3035 14
335 3
3351 8
3492 12
4904 6
9014 15
83 13
835 16
8357 0
3514 1
5119 11
1159 19
1591 7
5906 2
9025 21
196 4
1961 18
9610 20
6045 17
415 10
4154 9
1515 22
5152 14
1491 3
4904 8
9015 12
92 6
922 15
9226 13
2202 16
2013 0
116 1
1160 11
1597 19
5971 7
9678 2
6717 21
7137 4
1322 18
3220 20
2187 17
1863 10
8627 9
6217 22
2137 14
1362 3
3614 8
6122 12
1183 6
1825 15
8249 13
2439 16
4383 0
3802 1
7999 11
9945 19
9395 7
3890 2
8879 21
8743 4
7375 18
3708 20
7067 17
628 10
6284 9
2801 22
8005 14
0 3
1 8
13 12
135 6
1352 15
3519 13
5174 16
1712 0
7113 1
1081 11
807 19
8078 7
727 2
7270 21
2660 4
6587 18
5835 20
8323 17
3181 10
1793 9
7926 22
9220 14
2143 3
1417 8
4166 12
1637 6
6365 15
3614 13
6124 16
1205 0
2043 1
416 11
4164 19
1620 7
6196 2
1918 21
9182 4
1758 18
7580 20
5759 17
7562 10
5575 9
5718 22
7154 14
1497 3
4964 8
9615 12
6092 6
880 15
8806 13
8009 16
41 0
410 1
4100 11
976 19
9768 7
7620 2
6151 21
1477 4
4764 18
7619 20
6149 17
1455 10
4547 9
5445 22
4424 14
4218 3
2153 8
1519 12
5188 6
1847 15
8469 13
4639 16
6369 0
3648 1
6459 11
4552 19
5500 7
4968 2
9652 21
6466 4
4619 18
6169 20
1656 17
6560 10
5562 9
5588 22
5854 14
8511 3
5055 8
518 12
5185 6
1817 15
8169 13
1639 16
6390 0
3858 1
8559 11
5538 19
5353 7
3498 2
4959 21
9571 4
5648 18
6452 20
4486 17
4839 10
8366 9
3607 22
6058 14
544 3
5441 8
4378 12
3757 6
7551 15
5467 13
4640 16
6379 0
3748 1
7459 11
4545 19
5430 7
4268 2
2652 21
6515 4
5109 18
1062 20
621 17
6217 10
2132 9
1309 22
3092 14
905 3
9051 8
450 12
4505 6
5024 15
211 13
2115 16
1143 0
1423 1
4223 11
2206 19
2054 7
529 2
5290 21
2874 4
8727 18
7221 20
2169 17
1683 10
6827 9
8231 22
2263 14
2622 3
6207 8
2031 12
301 6
3012 15
105 13
1055 16
550 0
5500 1
4965 11
9626 19
6205 7
2011 2
96 21
969 4
9691 18
6854 20
8506 17
5011 10
79 9
793 22
7939 14
9347 3
3408 8
4062 12
597 6
5972 15
9691 13
6852 16
8485 0
4794 1
7912 11
9075 19
695 7
6953 2
9488 21
4826 4
8233 18
2281 20
2804 17
8033 10
278 9
2783 22
7825 14
8207 3
2015 8
139 12
1395 6
3945 15
9435 13
4292 16
2899 0
8976 1
9704 11
6981 19
9776 7
7700 2
6951 21
9477 4
4708 18
7059 20
549 17
5497 10
4939 9
9365 22
3596 14
5945 3
9416 8
4100 12
977 6
9772 15
7663 13
6586 16
5825 0
8215 1
2094 11
930 19
9308 7
3020 2
179 21
1799 4
7984 18
9798 20
7925 17
9208 10
2021 9
199 22
1999 14
9989 3
9828 8
8220 12
2149 6
1478 15
4779 13
7767 16
7628 0
6231 1
2268 11
2670 19
6694 7
6901 2
8968 21
9633 4
6268 18
2645 20
6444 17
4405 10
4026 9
235 22
2359 14
3582 3
5800 8
7968 12
9636 6
6299 15
2954 13
9531 16
5254 0
2505 1
5036 11
329 19
3298 7
2962 2
9606 21
6006 4
19 18
197 20
1978 17
9780 10
7741 9
7364 22
3600 14
5985 3
9816 8
8100 12
949 6
9492 15
4863 13
8607 16
6021 0
168 1
1680 11
6797 19
7936 7
9314 2
3077 21
758 4
7581 18
5768 20
7653 17
6488 10
4842 9
8395 22
3903 14
9015 3
88 8
883 12
8835 6
8296 15
2910 13
9091 16
854 0
8540 1
5344 11
3409 19
4077 7
745 2
7450 21
4460 4
4573 18
5709 20
7063 17
588 10
5884 9
8808 22
8033 14
280 3
2801 8
7999 12
9946 6
9399 15
3933 13
9314 16
3084 0
819 1
8190 11
1848 19
8481 7
4757 2
7542 21
5380 4
3766 18
7646 20
6419 17
4155 10
1526 9
5256 22
2534 14
5332 3
3286 8
2842 12
8411 6
4056 15
538 13
5385 16
3822 0
8199 1
1934 11
9337 19
3315 7
3132 2
1299 21
2992 4
9907 18
9014 20
85 17
857 10
8574 9
5687 22
6844 14
8404 3
3985 8
9832 12
8262 6
2566 15
5652 13
6490 16
4865 0
8622 1
6164 11
1602 19
6021 7
171 2
1710 21
7102 4
972 18
9727 20
7215 17
2108 10
1070 9
696 22
6969 14
9654 3
6478 8
4741 12
7387 6
3823 15
8215 13
2099 16
983 0
9830 1
8237 11
2318 19
3174 7
1722 2
7213 21
2090 4
887 18
8877 20
8722 17
7171 10
1665 9
6646 22
6427 14
4234 3
2313 8
3119 12
1174 6
1735 15
7349 13
3446 16
4446 0
4432 1
4292 11
2896 19
8954 7
9487 2
4807 21
8051 4
455 18
4557 20
5550 17
5472 10
4689 9
6865 22
8617 14
6120 3
1159 8
1586 12
5858 6
8547 15
5420 13
4170 16
1679 0
6783 1
7788 11
7835 19
8309 7
3037 2
349 21
3499 4
4970 18
9679 20
6735 17
7315 10
3105 9
1032 22
322 14
3226 3
2240 8
2389 12
3881 6
8791 15
7860 13
8556 16
5511 0
5075 1
715 11
7154 19
1499 7
4986 2
9832 21
8266 4
2605 18
6043 20
396 17
3967 10
9653 9
6470 22
4667 14
6648 3
6439 8
4351 12
3487 6
4851 15
8488 13
4829 16
8269 0
2634 1
6326 11
3222 19
2207 7
2059 2
576 21
5769 4
7656 18
6518 20
5146 17
1432 10
4317 9
3145 22
1438 14
4379 3
3763 8
7612 12
6076 6
720 15
7206 13
2016 16
153 0
1530 1
5293 11
2899 19
8984 7
9787 2
7807 21
8030 4
245 18
2457 20
4564 17
5619 10
6159 9
1551 22
5512 14
5091 3
876 8
8763 12
7579 6
5743 15
7401 13
3966 16
9646 0
6397 1
3928 11
9263 19
2575 7
5739 2
7355 21
3510 4
5080 18
772 20
7728 17
7238 10
2335 9
3339 22
3378 14
3765 3
7630 8
6254 12
2503 6
5018 15
151 13
1515 16
5150 0
1465 1
4643 11
6406 19
4026 7
235 2
2350 21
3495 4
4930 18
9279 20
2735 17
7343 10
3385 9
3832 22
8308 14
3030 3
280 8
2803 12
8021 6
156 15
1566 13
5658 16
6552 0
5478 1
4745 11
7426 19
4219 7
2165 2
1636 21
6362 4
3579 18
5776 20
7733 17
7288 10
2835 9
8339 22
3343 14
3415 3
4130 8
1275 12
2748 6
7468 15
4637 13
6347 16
3435 0
4329 1
3262 11
2603 19
6024 7
201 2
2010 21
95 4
951 18
9517 20
5115 17
1122 10
1217 9
2166 22
1655 14
6549 3
5449 8
4458 12
4557 6
5544 15
5411 13
4080 16
779 0
7790 1
7851 11
8465 19
4602 7
5995 2
9915 21
9096 4
898 18
8987 20
9822 17
8164 10
1588 9
5876 22
8734 14
7290 3
2852 8
8509 12
5039 6
357 15
3576 13
5744 16
7412 0
4071 1
682 11
6824 19
8206 7
2007 2
56 21
569 4
5691 18
6882 20
8786 17
7811 10
8065 9
597 22
5979 14
9761 3
7548 8
5434 12
4310 6
3074 15
725 13
7255 16
2508 0
5066 1
625 11
6254 19
2506 7
5049 2
455 21
4559 4
5563 18
5602 20
5993 17
9902 10
8961 9
9557 22
5516 14
5131 3
1276 8
2756 12
7551 6
5463 15
4601 13
5987 16
9842 0
8357 1
3514 11
5123 19
1203 7
2026 2
246 21
2469 4
4677 18
6749 20
7456 17
4518 10
5156 9
1528 22
5282 14
2791 3
7897 8
8924 12
9189 6
1829 15
8289 13
2839 16
8383 0
3774 1
7719 11
7145 19
1409 7
4086 2
832 21
8329 4
3235 18
2336 20
3354 17
3526 10
5243 9
2398 22
3975 14
9735 3
7288 8
2834 12
8331 6
3256 15
2545 13
5441 16
4382 0
3792 1
7899 11
8945 19
9402 7
3960 2
9579 21
5736 4
7326 18
3218 20
2167 17
1663 10
6627 9
6231 22
2277 14
2762 3
7607 8
6024 12
203 6
2032 15
312 13
3125 16
1236 0
2353 1
3516 11
5143 19
1403 7
4026 2
232 21
2329 4
3277 18
2756 20
7554 17
5498 10
4949 9
9465 22
4596 14
5938 3
9346 8
3400 12
3984 6
9821 15
8153 13
1479 16
4790 0
7872 1
8671 11
6658 19
6546 7
5421 2
4175 21
1731 4
7304 18
2998 20
9974 17
9684 10
6781 9
7771 22
7670 14
6657 3
6529 8
5251 12
2480 6
4788 15
7858 13
8536 16
5311 0
3075 1
729 11
7294 19
2899 7
8979 2
9734 21
7286 4
2812 18
8113 20
1082 17
820 10
8204 9
1987 22
9872 14
8663 3
6575 8
5711 12
7080 6
753 15
7536 13
5316 16
3132 0
1299 1
2983 11
9820 19
8145 7
1397 2
3963 21
9618 4
6118 18
1145 20
1451 17
4510 10
5076 9
728 22
7289 14
2847 3
8457 8
4517 12
5147 6
1437 15
4369 13
3667 16
6656 0
6518 1
5138 11
1349 19
3491 7
4892 2
8892 21
8873 4
8675 18
6701 20
6976 17
9725 10
7191 9
1864 22
8642 14
6370 3
3659 8
6572 12
5683 6
6797 15
7934 13
9296 16
2904 0
9026 1
197 11
1974 19
9741 7
7350 2
3451 21
4498 4
4953 18
9509 20
5035 17
322 10
3224 9
2222 22
2215 14
2142 3
1407 8
4066 12
637 6
6372 15
3684 13
6824 16
8205 0
1994 1
9933 11
9271 19
2655 7
6539 2
5348 21
3454 4
4520 18
5179 20
1763 17
7630 10
6255 9
2511 22
5105 14
1021 3
204 8
2043 12
421 6
4212 15
2098 13
971 16
9717 0
7107 1
1021 11
207 19
2078 7
769 2
7690 21
6860 4
8559 18
5541 20
5383 17
3802 10
8003 9
9984 22
9786 14
7803 3
7982 8
9774 12
7682 6
6773 15
7694 13
6896 16
8925 0
9194 1
1877 11
8767 19
7622 7
6174 2
1698 21
6982 4
9779 18
7734 20
7299 17
2948 10
9470 9
4640 22
6381 14
3774 3
7720 8
7154 12
1496 6
4955 15
9528 13
5222 16
2192 0
1906 1
9053 11
471 19
4718 7
7155 2
1501 21
5012 4
86 18
867 20
8678 17
6731 10
7272 9
2674 22
6735 14
7314 3
3092 8
902 12
9025 6
189 15
1896 13
8958 16
9531 0
5247 1
2435 11
4340 19
3380 7
3782 2
7799 21
7950 4
9452 18
4464 20
4620 17
6179 10
1752 9
7516 22
5120 14
1171 3
1704 8
7036 12
316 6
3162 15
1605 13
6048 16
445 0
4450 1
4472 11
4696 19
6940 7
9361 2
3547 21
5458 4
4546 18
5439 20
4363 17
3609 10
6073 9
691 22
6919 14
9154 3
1478 8
4776 12
7737 6
7323 15
3187 13
1854 16
8540 0
5344 1
3405 11
4033 19
310 7
3103 2
1009 21
92 4
921 18
9217 20
2115 17
1143 10
1427 9
4266 22
2641 14
6402 3
3979 8
9772 12
7662 6
6573 15
5694 13
6910 16
9065 0
587 1
5870 11
8669 19
6642 7
6381 2
3768 21
7668 4
6632 18
6285 20
2816 17
8153 10
1478 9
4776 22
7741 14
7367 3
3622 8
6202 12
1983 6
9825 15
8193 13
1879 16
8790 0
7844 1
8391 11
3858 19
8567 7
5617 2
6135 21
1317 4
3164 18
1626 20
6261 17
2575 10
5740 9
7368 22
3640 14
6385 3
3809 8
8072 12
669 6
6692 15
6884 13
8803 16
7981 0
9761 1
7547 11
5425 19
4223 7
2205 2
2036 21
355 4
3551 18
5496 20
4933 17
9309 10
3031 9
292 22
2929 14
9282 3
2758 8
7569 12
5646 6
6427 15
4234 13
2317 16
3163 0
1609 1
6083 11
792 19
7928 7
9234 2
2277 21
2765 4
7637 18
6328 20
3246 17
2446 10
4450 9
4475 22
4731 14
7288 3
2832 8
8309 12
3039 6
371 15
3716 13
7144 16
1398 0
3973 1
9709 11
7031 19
269 7
2693 2
6916 21
9127 4
1208 18
2080 20
794 17
7947 10
9425 9
4190 22
1881 14
8809 3
8035 8
297 12
2975 6
9738 15
7323 13
3186 16
1846 0
8453 1
4474 11
4716 19
7140 7
1354 2
3533 21
5318 4
3146 18
1446 20
4461 17
4589 10
5866 9
8628 22
6233 14
2294 3
2927 8
9259 12
2532 6
5308 15
3051 13
494 16
4947 0
9442 1
4357 11
3546 19
5447 7
4438 2
4352 21
3501 4
4990 18
9879 20
8735 17
7301 10
2965 9
9639 22
6336 14
3324 3
3220 8
2182 12
1811 6
8105 15
1000 13
10005 16
9994 0
9877 1
8707 11
7018 19
139 7
1393 2
3923 21
9218 4
2118 18
1173 20
1731 17
7310 10
3055 9
532 22
5329 14
3261 3
2590 8
5889 12
8860 6
8546 15
5410 13
4070 16
679 0
6790 1
7858 11
8535 19
5302 7
2988 2
9866 21
8606 4
6005 18
15 20
158 17
1587 10
5867 9
8638 22
6333 14
3294 3
2920 8
9189 12
1832 6
8315 15
3100 13
984 16
9847 0
8407 1
4014 11
116 19
1168 7
1676 2
6753 21
7497 4
4922 18
9199 20
1935 17
9350 10
3441 9
4392 22
3901 14
8995 3
9895 8
8890 12
8849 6
8436 15
4310 13
3077 16
756 0
7560 1
5551 11
5479 19
4763 7
7605 2
6001 21
9984 4
9778 18
7724 20
7199 17
1948 10
9477 9
4710 22
7081 14
767 3
7671 8
6664 12
6603 6
5990 15
9871 13
8652 16
6471 0
4668 1
6652 11
6482 19
4786 7
7835 2
8301 21
2963 4
9617 18
6114 20
1106 17
1060 10
597 9
5973 22
9704 14
6983 3
9789 8
7830 12
8256 6
2506 15
5052 13
490 16
4907 0
9042 1
357 11
3574 19
5727 7
7238 2
2331 21
3305 4
3030 18
286 20
2868 17
8673 10
6678 9
6741 22
7377 14
3727 3
7250 8
2454 12
4531 6
5284 15
2811 13
8101 16
961 0
9610 1
6037 11
332 19
3328 7
3262 2
2599 21
5985 4
9816 18
8104 20
992 17
9927 10
9211 9
2050 22
495 14
4956 3
9533 8
5270 12
2670 6
6688 15
6844 13
8403 16
3981 0
9789 1
7827 11
8225 19
2202 7
2009 2
76 21
769 4
7691 18
6868 20
8646 17
6411 10
4072 9
695 22
6959 14
9554 3
5478 8
4748 12
7457 6
4523 15
5208 13
2050 16
493 0
4930 1
9272 11
2661 19
6604 7
6001 2
9975 21
9696 4
6898 18
8945 20
9402 17
3964 10
9623 9
6170 22
1667 14
6669 3
6649 8
6451 12
4473 6
4704 15
7018 13
136 16
1367 0
3663 1
6609 11
6052 19
486 7
4863 2
8602 21
5973 4
9696 18
6904 20
9006 17
4 10
44 9
443 22
4439 14
4368 3
3653 8
6512 12
5083 6
797 15
7976 13
9716 16
7104 0
991 1
9910 11
9041 19
355 7
3553 2
5509 21
5064 4
606 18
6067 20
636 17
6367 10
3632 9
6302 22
2987 14
9862 3
8558 8
5527 12
5240 6
2367 15
3662 13
6604 16
6005 0
8 1
80 11
804 19
8048 7
427 2
4270 21
2681 4
6797 18
7935 20
9309 17
3034 10
323 9
3233 22
2318 14
3172 3
1700 8
6996 12
9923 6
9169 15
1633 13
6328 16
3245 0
2429 1
4276 11
2736 19
7354 7
3494 2
4919 21
9171 4
1648 18
6480 20
4766 17
7639 10
6345 9
3411 22
4098 14
958 3
9581 8
5750 12
7470 6
4653 15
6508 13
5043 16
402 0
4020 1
172 11
1724 19
7241 7
2364 2
3626 21
6248 4
2439 18
4383 20
3810 17
8086 10
808 9
8083 22
783 14
7836 3
8312 8
3067 12
654 6
6542 15
5384 13
3810 16
8086 0
804 1
8040 11
348 19
3488 7
4862 2
8592 21
5873 4
8696 18
6911 20
9076 17
704 10
7044 9
394 22
3949 14
9475 3
4688 8
6855 12
8513 6
5076 15
731 13
7315 16
3108 0
1059 1
583 11
5834 19
8313 7
3077 2
749 21
7499 4
4942 18
9399 20
3935 17
9336 10
3301 9
2992 22
9915 14
9093 3
868 8
8683 12
6779 6
7750 15
7457 13
4526 16
5239 0
2355 1
3536 11
5343 19
3403 7
4012 2
92 21
929 4
9291 18
2854 20
8534 17
5291 10
2879 9
8779 22
7743 14
7387 3
3822 8
8202 12
1969 6
9685 15
6793 13
7893 16
8888 0
8824 1
8184 11
1788 19
7881 7
8764 2
7584 21
5800 4
7966 18
9618 20
6125 17
1215 10
2147 9
1459 22
4592 14
5898 3
8946 8
9407 12
4012 6
94 15
946 13
9465 16
4594 0
5912 1
9085 11
791 19
7918 7
9134 2
1277 21
2772 4
7707 18
7028 20
239 17
2397 10
3960 9
9582 22
5766 14
7631 3
6262 8
2581 12
5801 6
7977 15
9727 13
7212 16
2078 0
766 1
7660 11
6555 19
5516 7
5128 2
1245 21
2452 4
4507 18
5049 20
463 17
4637 10
6346 9
3421 22
4198 14
1958 3
9574 8
5680 12
6770 6
7660 15
6557 13
5533 16
5302 0
2985 1
9836 11
8301 19
2962 7
9609 2
6027 21
237 4
2371 18
3703 20
7017 17
128 10
1284 9
2836 22
8355 14
3500 3
4980 8
9775 12
7692 6
6873 15
8694 13
6889 16
8855 0
8494 1
4884 11
8816 19
8112 7
1067 2
663 21
6639 4
6349 18
3455 20
4537 17
5349 10
3459 9
4572 22
5701 14
6981 3
9769 8
7630 12
6256 6
2520 15
5192 13
1890 16
8900 0
8944 1
9384 11
3781 19
7797 7
7924 2
9191 21
1856 4
8554 18
5491 20
4883 17
8809 10
8038 9
327 22
3279 14
2775 3
7737 8
7324 12
3196 6
1941 15
9409 13
4032 16
299 0
2990 1
9886 11
8801 19
7962 7
9574 2
5677 21
6744 4
7399 18
3948 20
9467 17
4614 10
6116 9
1121 22
1212 14
2119 3
1177 8
1766 12
7658 6
6533 15
5294 13
2910 16
9093 0
867 1
8670 11
6648 19
6446 7
4421 2
4182 21
1801 4
8004 18
9998 20
9925 17
9194 10
1881 9
8806 22
8013 14
80 3
801 8
8013 12
79 6
792 15
7926 13
9216 16
2104 0
1026 1
253 11
2534 19
5334 7
3308 2
3059 21
578 4
5781 18
7782 20
7779 17
7748 10
7435 9
4304 22
3021 14
195 3
1951 8
9506 12
5002 6
9994 15
9883 13
8772 16
7671 0
6661 1
6568 11
5642 19
6393 7
3891 2
8889 21
8843 4
8375 18
3701 20
6997 17
9935 10
9291 9
2850 22
8495 14
4900 3
8973 8
9677 12
6712 6
7080 15
757 13
7575 16
5708 0
7045 1
401 11
4014 19
120 7
1203 2
2023 21
225 4
2251 18
2503 20
5024 17
212 10
2124 9
1229 22
2292 14
2912 3
9107 8
1010 12
98 6
982 15
9826 13
8202 16
1971 0
9703 1
6967 11
9632 19
6265 7
2611 2
6096 21
927 4
9271 18
2654 20
6534 17
5305 10
3019 9
172 22
1729 14
7289 3
2842 8
8409 12
4039 6
364 15
3646 13
6444 16
4405 0
4022 1
192 11
1924 19
9241 7
2350 2
3486 21
4848 4
8453 18
4481 20
4790 17
7879 10
8745 9
7397 22
3930 14
9285 3
2788 8
7869 12
8646 6
6406 15
4024 13
217 16
2177 0
1756 1
7553 11
5485 19
4823 7
8205 2
1994 21
9942 4
9358 18
3524 20
5227 17
2242 10
2410 9
4089 22
871 14
8716 3
7105 8
1004 12
38 6
382 15
3826 13
8244 16
2391 0
3896 1
8939 11
9338 19
3325 7
3232 2
2299 21
2985 4
9837 18
8314 20
3092 17
906 10
9064 9
580 22
5809 14
8061 3
555 8
5553 12
5500 6
4967 15
9648 13
6422 16
4185 0
1822 1
8213 11
2078 19
774 7
7743 2
7381 21
3770 4
7680 18
6758 20
7546 17
5418 10
4149 9
1465 22
4652 14
6498 3
4939 8
9365 12
3592 6
5901 15
8981 13
9759 16
7534 0
5291 1
2875 11
8740 19
7352 7
3474 2
4719 21
7171 4
1662 18
6620 20
6166 17
1625 10
6247 9
2431 22
4305 14
3028 3
260 8
2603 12
6021 6
170 15
1706 13
7058 16
538 0
5380 1
3765 11
7633 19
6289 7
2851 2
8496 21
4913 4
9103 18
974 20
9748 17
7424 10
4195 9
1925 22
9252 14
2463 3
4617 8
6145 12
1413 6
4125 15
1228 13
2278 16
2773 0
7716 1
7111 11
1065 19
651 7
6513 2
5088 21
854 4
8541 18
5361 20
3583 17
5816 10
8129 9
1237 22
2372 14
3712 3
7100 8
954 12
9545 6
5389 15
3861 13
8594 16
5891 0
8875 1
8694 11
6888 19
8846 7
8407 2
4014 21
121 4
1211 18
2110 20
1094 17
940 10
9404 9
3980 22
9788 14
7823 3
8182 8
1767 12
7668 6
6633 15
6294 13
2903 16
9023 0
167 1
1670 11
6697 19
6936 7
9321 2
3147 21
1458 4
4574 18
5719 20
7163 17
1588 10
5877 9
8738 22
7333 14
3287 3
2850 8
8489 12
4839 6
8364 15
3590 13
5884 16
8812 0
8064 1
584 11
5844 19
8413 7
4077 2
742 21
7429 4
4242 18
2399 20
3984 17
9826 10
8201 9
1957 22
9572 14
5663 3
6596 8
5921 12
9180 6
1739 15
7389 13
3846 16
8446 0
4404 1
4012 11
96 19
968 7
9683 2
6767 21
7637 4
6322 18
3185 20
1837 17
8370 10
3648 9
6462 22
4587 14
5848 3
8446 8
4407 12
4047 6
444 15
4446 13
4437 16
4349 0
3462 1
4599 11
5966 19
9633 7
6270 2
2658 21
6575 4
5709 18
7062 20
579 17
5797 10
7939 9
9344 22
3386 14
3845 3
8430 8
4247 12
2447 6
4458 15
4558 13
5557 16
5542 0
5385 1
3815 11
8133 19
1282 7
2816 2
8146 21
1413 4
4124 18
1219 20
2191 17
1903 10
9027 9
210 22
2109 14
1082 3
814 8
8143 12
1379 6
3785 15
7835 13
8306 16
3011 0
89 1
890 11
8904 19
8992 7
9867 2
8607 21
6023 4
189 18
1897 20
8971 17
9661 10
6551 9
5471 22
4684 14
6818 3
8139 8
1337 12
3368 6
3661 15
6595 13
5913 16
9102 0
957 1
9570 11
5641 19
6383 7
3791 2
7889 21
8850 4
8445 18
4401 20
3990 17
9886 10
8801 9
7957 22
9530 14
5243 3
2396 8
3949 12
9474 6
4679 15
6768 13
7643 16
6388 0
3838 1
8359 11
3538 19
5367 7
3638 2
6359 21
3557 4
5550 18
5472 20
4693 17
6909 10
9052 9
460 22
4609 14
6068 3
639 8
6393 12
3893 6
8911 15
9060 13
542 16
5427 0
4235 1
2322 11
3210 19
2087 7
859 2
8590 21
5853 4
8496 18
4911 20
9090 17
844 10
8444 9
4387 22
3851 14
8495 3
4895 8
8925 12
9199 6
1929 15
9289 13
2832 16
8313 0
3074 1
719 11
7194 19
1899 7
8986 2
9804 21
7986 4
9812 18
8064 20
592 17
5927 10
9239 9
2330 22
3295 14
2935 3
9337 8
3310 12
3084 6
821 15
8216 13
2109 16
1083 0
823 1
8230 11
2248 19
2474 7
4729 2
7262 21
2580 4
5787 18
7842 20
8379 17
3741 10
7393 9
3884 22
8828 14
8230 3
2245 8
2439 12
4381 6
3784 15
7825 13
8206 16
2011 0
96 1
960 11
9604 19
5985 7
9818 2
8117 21
1123 4
1224 18
2240 20
2394 17
3933 10
9313 9
3070 22
688 14
6886 3
8819 8
8137 12
1319 6
3185 15
1835 13
8348 16
3431 0
4289 1
2862 11
8610 19
6052 7
481 2
4810 21
8081 4
755 18
7557 20
5529 17
5262 10
2589 9
5879 22
8764 14
7590 3
5852 8
8488 12
4829 6
8264 15
2590 13
5891 16
8882 0
8764 1
7584 11
5795 19
7923 7
9184 2
1777 21
7772 4
7672 18
6678 20
6746 17
7425 10
4205 9
2025 22
245 14
2456 3
4547 8
5445 12
4420 6
4174 15
1718 13
7178 16
1738 0
7373 1
3681 11
6793 19
7896 7
8914 2
9084 21
786 4
7861 18
8568 20
5632 17
6292 10
2882 9
8809 22
8043 14
380 3
3801 8
7992 12
9876 6
8699 15
6940 13
9363 16
3574 0
5719 1
7155 11
1505 19
5051 7
478 2
4780 21
7781 4
7762 18
7578 20
5739 17
7362 10
3575 9
5732 22
7294 14
2897 3
8957 8
9517 12
5112 6
1087 15
869 13
8695 16
6901 0
8968 1
9624 11
6181 19
1776 7
7756 2
7511 21
5070 4
666 18
6667 20
6636 17
6325 10
3212 9
2102 22
1015 14
149 3
1491 8
4906 12
9037 6
309 15
3096 13
944 16
9447 0
4407 1
4042 11
396 19
3968 7
9662 2
6557 21
5537 4
5336 18
3332 20
3307 17
3056 10
543 9
5433 22
4304 14
3018 3
160 8
1603 12
6028 6
240 15
2406 13
4051 16
489 0
4890 1
8872 11
8668 19
6632 7
6281 2
2768 21
7675 4
6702 18
6985 20
9816 17
8104 10
988 9
9883 22
8776 14
7710 3
7052 8
474 12
4745 6
7424 15
4197 13
1947 16
9470 0
4637 1
6342 11
3382 19
3807 7
8052 2
464 21
4649 4
6463 18
4595 20
5930 17
9272 10
2661 9
6599 22
5957 14
9541 3
5348 8
3448 12
4464 6
4614 15
6118 13
1143 16
1430 0
4293 1
2902 11
9010 19
45 7
453 2
4530 21
5281 4
2776 18
7753 20
7489 17
4848 10
8456 9
4507 22
5051 14
481 3
4811 8
8085 12
799 6
7992 15
9877 13
8712 16
7071 0
661 1
6610 11
6062 19
586 7
5863 2
8595 21
5903 4
8996 18
9911 20
9055 17
494 10
4944 9
9415 22
4096 14
938 3
9381 8
3750 12
7484 6
4793 15
7908 13
9036 16
304 0
3040 1
379 11
3794 19
7927 7
9224 2
2177 21
1765 4
7644 18
6398 20
3946 17
9446 10
4401 9
3985 22
9838 14
8323 3
3175 8
1732 12
7318 6
3133 15
1315 13
3148 16
1466 0
4653 1
6502 11
4982 19
9800 7
7940 2
9351 21
3456 4
4540 18
5379 20
3763 17
7616 10
6115 9
1111 22
1112 14
1119 3
1184 8
1836 12
8358 6
3526 15
5245 13
2420 16
4193 0
1902 1
9013 11
71 19
718 7
7183 2
1781 21
7812 4
8072 18
671 20
6718 17
7145 10
1405 9
4046 22
441 14
4416 3
4133 8
1305 12
3048 6
461 15
4616 13
6137 16
1335 0
3343 1
3409 11
4073 19
710 7
7103 2
981 21
9819 4
8128 18
1231 20
2311 17
3103 10
1013 9
126 22
1269 14
2689 3
6877 8
8731 12
7259 6
2543 15
5422 13
4190 16
1879 0
8783 1
7774 11
7695 19
6909 7
9051 2
447 21
4479 4
4763 18
7609 20
6049 17
455 10
4554 9
5515 22
5124 14
1211 3
2104 8
1029 12
288 6
2882 15
8812 13
8069 16
641 0
6410 1
4058 11
556 19
5568 7
5648 2
6445 21
4417 4
4143 18
1409 20
4091 17
889 10
8894 9
8887 22
8823 14
8180 3
1745 8
7446 12
4416 6
4134 15
1318 13
3178 16
1766 0
7653 1
6481 11
4772 19
7700 7
6954 2
9498 21
4926 4
9233 18
2274 20
2734 17
7333 10
3285 9
2832 22
8315 14
3100 3
980 8
9803 12
7972 6
9673 15
6673 13
6693 16
6895 0
8908 1
9024 11
181 19
1818 7
8176 2
1704 21
7042 4
372 18
3727 20
7257 17
2528 10
5270 9
2668 22
6675 14
6714 3
7099 8
944 12
9445 6
4389 15
3868 13
8664 16
6591 0
5868 1
8645 11
6398 19
3946 7
9442 2
4357 21
3551 4
5490 18
4872 20
8700 17
6951 10
9472 9
4660 22
6581 14
5774 3
7706 8
7014 12
96 6
962 15
9626 13
6202 16
1985 0
9843 1
8367 11
3618 19
6167 7
1631 2
6303 21
2997 4
9957 18
9514 20
5085 17
822 10
8224 9
2187 22
1865 14
8649 3
6435 8
4311 12
3087 6
851 15
8516 13
5109 16
1062 0
613 1
6130 11
1262 19
2621 7
6199 2
1948 21
9482 4
4758 18
7559 20
5549 17
5462 10
4589 9
5865 22
8624 14
6190 3
1859 8
8586 12
5809 6
8057 15
520 13
5205 16
2022 0
206 1
2060 11
590 19
5908 7
9048 2
417 21
4179 4
1763 18
7630 20
6259 17
2555 10
5540 9
5368 22
3654 14
6525 3
5209 8
2058 12
571 6
5712 15
7091 13
866 16
8667 0
6614 1
6098 11
942 19
9428 7
4220 2
2172 21
1715 4
7144 18
1398 20
3981 17
9796 10
7901 9
8964 22
9593 14
5873 3
8696 8
6907 12
9033 6
269 15
2696 13
6951 16
9475 0
4687 1
6842 11
8382 19
3772 7
7702 2
6971 21
9677 4
6708 18
7045 20
409 17
4097 10
946 9
9463 22
4576 14
5738 3
7346 8
3414 12
4124 6
1214 15
2139 13
1381 16
3810 0
8079 1
734 11
7344 19
3399 7
3972 2
9699 21
6936 4
9319 18
3134 20
1327 17
3270 10
2683 9
6819 22
8157 14
1520 3
5194 8
1908 12
9078 6
719 15
7196 13
1916 16
9160 0
1537 1
5363 11
3599 19
5977 7
9738 2
7317 21
3130 4
1280 18
2800 20
7994 17
9898 10
8921 9
9157 22
1516 14
5159 3
1556 8
5556 12
5530 6
5267 15
2641 13
6401 16
3975 0
9729 1
7227 11
2225 19
2244 7
2429 2
4276 21
2741 4
7397 18
3928 20
9267 17
2614 10
6130 9
1261 22
2612 14
6112 3
1079 8
786 12
7865 6
8603 15
5980 13
9770 16
7644 0
6391 1
3868 11
8663 19
6582 7
5781 2
7775 21
7710 4
7052 18
478 20
4788 17
7859 10
8545 9
5397 22
3944 14
9425 3
4188 8
1855 12
8548 6
5426 15
4231 13
2287 16
2863 0
8616 1
6104 11
1002 19
21 7
213 2
2130 21
1295 4
2944 18
9433 20
4275 17
2729 10
7280 9
2754 22
7535 14
5307 3
3036 8
342 12
3425 6
4231 15
2288 13
2871 16
8703 0
6974 1
9698 11
6921 19
9176 7
1700 2
6993 21
9897 4
8908 18
9031 20
255 17
2557 10
5560 9
5568 22
5654 14
6511 3
5069 8
658 12
6585 6
5810 15
8071 13
659 16
6597 0
5928 1
9245 11
2391 19
3904 7
9022 2
157 21
1579 4
5784 18
7812 20
8079 17
741 10
7414 9
4094 22
921 14
9216 3
2098 8
969 12
9695 6
6889 15
8854 13
8489 16
4841 0
8382 1
3764 11
7623 19
6189 7
1851 2
8503 21
4983 4
9803 18
7974 20
9699 17
6934 10
9302 9
2960 22
9595 14
5893 3
8896 8
8907 12
9019 6
129 15
1296 13
2958 16
9573 0
5667 1
6635 11
6312 19
3086 7
842 2
8420 21
4153 4
1503 18
5030 20
273 17
2737 10
7360 9
3554 22
5528 14
5251 3
2476 8
4749 12
7467 6
4623 15
6208 13
2043 16
423 0
4230 1
2272 11
2710 19
7094 7
894 2
8940 21
9353 4
3468 18
4666 20
6640 17
6365 10
3612 9
6102 22
987 14
9876 3
8698 8
6927 12
9233 6
2269 15
2682 13
6811 16
8075 0
694 1
6940 11
9362 19
3565 7
5632 2
6285 21
2817 4
8157 18
1521 20
5211 17
2082 10
810 9
8103 22
983 14
9836 3
8298 8
2927 12
9261 6
2549 15
5482 13
4790 16
7879 0
8741 1
7354 11
3495 19
4937 7
9345 2
3387 21
3858 4
8560 18
5551 20
5483 17
4802 10
7996 9
9914 22
9086 14
803 3
8031 8
257 12
2575 6
5738 15
7351 13
3466 16
4646 0
6432 1
4278 11
2756 19
7554 7
5494 2
4905 21
9031 4
248 18
2487 20
4864 17
8619 10
6138 9
1341 22
3412 14
4105 3
1023 8
226 12
2265 6
2638 15
6372 13
3683 16
6816 0
8118 1
1124 11
1237 19
2371 7
3699 2
6969 21
9657 4
6508 18
5045 20
423 17
4237 10
2346 9
3449 22
4478 14
4758 3
7553 8
5484 12
4810 6
8074 15
690 13
6905 16
9015 0
87 1
870 11
8704 19
6992 7
9881 2
8747 21
7423 4
4182 18
1799 20
7991 17
9868 10
8621 9
6157 22
1537 14
5369 3
3656 8
6542 12
5383 6
3797 15
7955 13
9506 16
5004 0
5 1
50 11
504 19
5048 7
448 2
4480 21
4781 4
7783 18
7788 20
7839 17
8348 10
3428 9
4262 22
2601 14
6002 3
9986 8
9800 12
7942 6
9373 15
3673 13
6714 16
7105 0
1001 1
3 11
34 19
348 7
3483 2
4809 21
8071 4
655 18
6557 20
5536 17
5332 10
3289 9
2872 22
8715 14
7100 3
952 8
9523 12
5172 6
1687 15
6869 13
8653 16
6481 0
4768 1
7652 11
6475 19
4716 7
7135 2
1301 21
3012 4
100 18
1007 20
71 17
717 10
7174 9
1694 22
6942 14
9384 3
3778 8
7762 12
7576 6
5713 15
7101 13
966 16
9667 0
6607 1
6028 11
242 19
2428 7
4269 2
2662 21
6615 4
6109 18
1055 20
551 17
5517 10
5139 9
1358 22
3582 14
5805 3
8016 8
107 12
1075 6
745 15
7456 13
4516 16
5139 0
1355 1
3543 11
5413 19
4103 7
1005 2
43 21
439 4
4391 18
3889 20
8877 17
8721 10
7158 9
1534 22
5342 14
3391 3
3890 8
8882 12
8769 6
7636 15
6317 13
3133 16
1316 0
3153 1
1509 11
5087 19
843 7
8433 2
4274 21
2721 4
7197 18
1928 20
9281 17
2754 10
7530 9
5254 22
2514 14
5132 3
1286 8
2856 12
8551 6
5456 15
4531 13
5287 16
2842 0
8406 1
4004 11
16 19
168 7
1683 2
6823 21
8197 4
1915 18
9150 20
1445 17
4450 10
4476 9
4735 22
7331 14
3267 3
2650 8
6489 12
4853 6
8504 15
4990 13
9877 16
8714 0
7084 1
791 11
7914 19
9099 7
930 2
9300 21
2946 4
9447 18
4414 20
4120 17
1179 10
1787 9
7866 22
8620 14
6150 3
1459 8
4586 12
5837 6
8337 15
3320 13
3184 16
1826 0
8253 1
2474 11
4730 19
7280 7
2754 2
7526 21
5220 4
2166 18
1653 20
6531 17
5275 10
2719 9
7179 22
1750 14
7499 3
4942 8
9395 12
3892 6
8901 15
8960 13
9549 16
5434 0
4305 1
3022 11
203 19
2038 7
369 2
3690 21
6888 4
8839 18
8341 20
3362 17
3606 10
6043 9
391 22
3919 14
9175 3
1688 8
6876 12
8723 6
7176 15
1717 13
7168 16
1638 0
6373 1
3688 11
6863 19
8596 7
5907 2
9035 21
296 4
2961 18
9603 20
5975 17
9722 10
7161 9
1564 22
5642 14
6391 3
3869 8
8672 12
6669 6
6650 15
6464 13
4603 16
6009 0
48 1
480 11
4804 19
8020 7
147 2
1470 21
4702 4
6993 18
9895 20
8895 17
8901 10
8958 9
9527 22
5216 14
2131 3
1297 8
2966 12
9651 6
6449 15
4454 13
4517 16
5149 0
1455 1
4543 11
5406 19
4033 7
305 2
3050 21
488 4
4881 18
8789 20
7842 17
8378 10
3728 9
7262 22
2580 14
5792 3
7886 8
8814 12
8089 6
836 15
8366 13
3609 16
6076 0
718 1
7180 11
1755 19
7551 7
5464 2
4605 21
6031 4
269 18
2697 20
6964 17
9605 10
5991 9
9878 22
8726 14
7210 3
2052 8
509 12
5095 6
917 15
9176 13
1702 16
7020 0
151 1
1510 11
5097 19
943 7
9433 2
4267 21
2651 4
6497 18
4935 20
9330 17
3244 10
2423 9
4219 22
2171 14
1702 3
7014 8
94 12
945 6
9452 15
4463 13
4607 16
6049 0
448 1
4480 11
4776 19
7740 7
7354 2
3491 21
4898 4
8953 18
9481 20
4755 17
7529 10
5245 9
2418 22
4175 14
1728 3
7274 8
2694 12
6931 6
9270 15
2643 13
6421 16
4175 0
1722 1
7213 11
2085 19
844 7
8443 2
4374 21
3721 4
7190 18
1858 20
8581 17
5761 10
7579 9
5744 22
7414 14
4097 3
943 8
9433 12
4272 6
2694 15
6932 13
9283 16
2774 0
7726 1
7211 11
2065 19
644 7
6443 2
4388 21
3861 4
8590 18
5851 20
8483 17
4781 10
7786 9
7814 22
8100 14
950 3
9501 8
4950 12
9477 6
4709 15
7068 13
636 16
6367 0
3628 1
6259 11
2552 19
5514 7
5108 2
1045 21
452 4
4521 18
5189 20
1863 17
8630 10
6248 9
2441 22
4405 14
4028 3
253 8
2533 12
5321 6
3177 15
1755 13
7548 16
5438 0
4345 1
3422 11
4203 19
2010 7
89 2
890 21
8909 4
9035 18
294 20
2948 17
9473 10
4671 9
6685 22
6817 14
8134 3
1285 8
2846 12
8451 6
4456 15
4538 13
5357 16
3542 0
5399 1
3955 11
9533 19
5275 7
2718 2
7166 21
1620 4
6194 18
1905 20
9051 17
454 10
4544 9
5415 22
4124 14
1218 3
2174 8
1729 12
7288 6
2833 15
8322 13
3169 16
1676 0
6753 1
7488 11
4835 19
8330 7
3247 2
2449 21
4485 4
4823 18
8209 20
2042 17
413 10
4134 9
1315 22
3152 14
1505 3
5044 8
408 12
4085 6
824 15
8246 13
2409 16
4083 0
802 1
8020 11
148 19
1488 7
4876 2
8732 21
7273 4
2682 18
6813 20
8096 17
911 10
9114 9
1080 22
802 14
8026 3
205 8
2053 12
521 6
5212 15
2091 13
901 16
9017 0
107 1
1070 11
697 19
6978 7
9741 2
7347 21
3430 4
4280 18
2779 20
7784 17
7798 10
7935 9
9304 22
2986 14
9852 3
8458 8
4527 12
5247 6
2437 15
4362 13
3597 16
5956 0
9525 1
5187 11
1839 19
8391 7
3857 2
8549 21
5443 4
4396 18
3939 20
9377 17
3714 10
7123 9
1184 22
1842 14
8419 3
4135 8
1325 12
3248 6
2461 15
4602 13
5997 16
9942 0
9357 1
3507 11
5053 19
503 7
5033 2
295 21
2959 4
9577 18
5714 20
7113 17
1088 10
877 9
8773 22
7683 14
6787 3
7829 8
8244 12
2389 6
3878 15
8765 13
7599 16
5948 0
9445 1
4387 11
3846 19
8447 7
4417 2
4142 21
1401 4
4004 18
19 20
198 17
1987 10
9867 9
8610 22
6053 14
494 3
4941 8
9385 12
3792 6
7901 15
8967 13
9619 16
6134 0
1298 1
2973 11
9720 19
7145 7
1404 2
4033 21
311 4
3111 18
1096 20
961 17
9617 10
6111 9
1071 22
712 14
7126 3
1212 8
2116 12
1151 6
1505 15
5049 13
460 16
4607 0
6042 1
378 11
3784 19
7827 7
8224 2
2184 21
1835 4
8344 18
3391 20
3897 17
8956 10
9508 9
5020 22
174 14
1746 3
7454 8
4494 12
4917 6
9144 15
1383 13
3828 16
8266 0
2604 1
6026 11
222 19
2228 7
2269 2
2676 21
6755 4
7509 18
5048 20
453 17
4537 10
5346 9
3428 22
4268 14
2658 3
6567 8
5631 12
6280 6
2760 15
7592 13
5876 16
8732 0
7264 1
2591 11
5900 19
8973 7
9677 2
6707 21
7037 4
322 18
3227 20
2257 17
2563 10
5620 9
6168 22
1647 14
6469 3
4649 8
6465 12
4613 6
6104 15
1004 13
38 16
387 0
3870 1
8679 11
6738 19
7346 7
3414 2
4119 21
1171 4
1704 18
7040 20
359 17
3597 10
5953 9
9498 22
4926 14
9238 3
2318 8
3169 12
1674 6
6735 15
7314 13
3096 16
946 0
9460 1
4537 11
5346 19
3433 7
4312 2
3092 21
908 4
9081 18
754 20
7548 17
5438 10
4349 9
3465 22
4638 14
6358 3
3539 8
5372 12
3690 6
6881 15
8774 13
7689 16
6848 0
8438 1
4324 11
3216 19
2147 7
1459 2
4583 21
5811 4
8076 18
711 20
7118 17
1138 10
1377 9
3766 22
7648 14
6437 3
4329 8
3265 12
2634 6
6328 15
3244 13
2424 16
4233 0
2302 1
3006 11
43 19
438 7
4383 2
3802 21
8008 4
25 18
257 20
2578 17
5773 10
7699 9
6944 22
9407 14
4013 3
103 8
1033 12
328 6
3282 15
2805 13
8041 16
361 0
3610 1
6079 11
752 19
7528 7
5234 2
2305 21
3045 4
430 18
4307 20
3050 17
486 10
4864 9
8615 22
6103 14
994 3
9941 8
9350 12
3442 6
4401 15
3988 13
9864 16
8584 0
5784 1
7805 11
8005 19
2 7
23 2
230 21
2309 4
3077 18
756 20
7568 17
5638 10
6349 9
3451 22
4498 14
4958 3
9553 8
5470 12
4670 6
6674 15
6704 13
7003 16
9995 0
9887 1
8807 11
8018 19
132 7
1323 2
3223 21
2218 4
2167 18
1663 20
6631 17
6275 10
2712 9
7109 22
1050 14
499 3
4991 8
9885 12
8792 6
7866 15
8617 13
6119 16
1155 0
1543 1
5423 11
4199 19
1970 7
9696 2
6897 21
8937 4
9315 18
3094 20
927 17
9277 10
2711 9
7099 22
950 14
9506 3
4998 8
9955 12
9492 6
4859 15
8568 13
5629 16
6262 0
2578 1
5766 11
7629 19
6249 7
2451 2
4496 21
4941 4
9383 18
3774 20
7727 17
7228 10
2235 9
2339 22
3385 14
3835 3
8330 8
3247 12
2454 6
4528 15
5258 13
2550 16
5493 0
4895 1
8922 11
9168 19
1625 7
6246 2
2418 21
4175 4
1723 18
7230 20
2259 17
2583 10
5820 9
8168 22
1633 14
6329 3
3249 8
2472 12
4711 6
7084 15
797 13
7975 16
9708 0
7017 1
121 11
1214 19
2141 7
1399 2
3983 21
9818 4
8118 18
1131 20
1311 17
3110 10
1083 9
826 22
8269 14
2640 3
6387 8
3831 12
8294 6
2886 15
8852 13
8469 16
4641 0
6382 1
3778 11
7763 19
7589 7
5844 2
8405 21
4003 4
3 18
37 20
378 17
3787 10
7853 9
8484 22
4793 14
7908 3
9032 8
260 12
2605 6
6038 15
344 13
3445 16
4436 0
4332 1
3292 11
2903 19
9024 7
180 2
1800 21
8002 4
9972 18
9664 20
6585 17
5815 10
8119 9
1137 22
1372 14
3719 3
7170 8
1654 12
6538 6
5340 15
3371 13
3694 16
6926 0
9218 1
2117 11
1160 19
1601 7
6006 2
18 21
189 4
1891 18
8910 20
9052 17
464 10
4644 9
6415 22
4117 14
1148 3
1474 8
4736 12
7337 6
3323 15
3215 13
2134 16
1333 0
3323 1
3209 11
2073 19
724 7
7243 2
2381 21
3805 4
8030 18
251 20
2518 17
5173 10
1699 9
6986 22
9827 14
8213 3
2075 8
739 12
7395 6
3903 15
9015 13
92 16
927 0
9270 1
2637 11
6360 19
3566 7
5642 2
6385 21
3817 4
8150 18
1451 20
4511 17
5089 10
859 9
8593 22
5883 14
8801 3
7955 8
9504 12
4982 6
9794 15
7883 13
8786 16
7811 0
8061 1
554 11
5544 19
5413 7
4098 2
952 21
9529 4
5228 18
2252 20
2514 17
5133 10
1299 9
2986 22
9855 14
8493 3
4875 8
8725 12
7199 6
1943 15
9429 13
4232 16
2299 0
2976 1
9746 11
7401 19
3969 7
9672 2
6657 21
6537 4
5329 18
3262 20
2607 17
6063 10
592 9
5923 22
9204 14
1983 3
9824 8
8180 12
1749 6
7485 15
4807 13
8047 16
421 0
4210 1
2072 11
710 19
7108 7
1034 2
333 21
3339 4
3370 18
3686 20
6847 17
8435 10
4298 9
2955 22
9545 14
5393 3
3896 8
8942 12
9369 6
3629 15
6275 13
2713 16
7123 0
1181 1
1803 11
8027 19
222 7
2223 2
2216 21
2155 4
1537 18
5370 20
3673 17
6716 10
7122 9
1174 22
1742 14
7419 3
4142 8
1395 12
3948 6
9461 15
4553 13
5507 16
5042 0
385 1
3850 11
8483 19
4782 7
7795 2
7901 21
8970 4
9645 18
6394 20
3906 17
9046 10
401 9
4013 22
111 14
1116 3
1154 8
1536 12
5358 6
3547 15
5455 13
4520 16
5179 0
1755 1
7543 11
5385 19
3823 7
8212 2
2064 21
635 4
6351 18
3475 20
4737 17
7349 10
3445 9
4432 22
4301 14
2988 3
9867 8
8610 12
6049 6
450 15
4506 13
5037 16
342 0
3420 1
4179 11
1766 19
7661 7
6564 2
5598 21
5954 4
9506 18
5004 20
13 17
137 10
1374 9
3736 22
7348 14
3437 3
4350 8
3475 12
4734 6
7314 15
3097 13
954 16
9547 0
5407 1
4035 11
326 19
3268 7
2662 2
6606 21
6027 4
229 18
2297 20
2964 17
9633 10
6271 9
2671 22
6705 14
7014 3
92 8
923 12
9235 6
2289 15
2882 13
8811 16
8061 0
554 1
5540 11
5369 19
3663 7
6612 2
6078 21
747 4
7471 18
4668 20
6660 17
6565 10
5612 9
6088 22
847 14
8476 3
4705 8
7025 12
206 6
2062 15
612 13
6125 16
1215 0
2143 1
1416 11
4157 19
1550 7
5496 2
4925 21
9231 4
2248 18
2473 20
4724 17
7219 10
2145 9
1439 22
4392 14
3898 3
8960 8
9547 12
5412 6
4087 15
848 13
8485 16
4801 0
7982 1
9771 11
7651 19
6469 7
4651 2
6482 21
4787 4
7843 18
8388 20
3832 17
8306 10
3008 9
62 22
629 14
6296 3
2919 8
9179 12
1732 6
7315 15
3107 13
1054 16
540 0
5400 1
3965 11
9633 19
6275 7
2711 2
7096 21
920 4
9201 18
1954 20
9541 17
5354 10
3509 9
5072 22
694 14
6946 3
9419 8
4130 12
1277 6
2765 15
7642 13
6376 16
3725 0
7229 1
2241 11
2400 19
3994 7
9922 2
9157 21
1516 4
5154 18
1512 20
5121 17
1182 10
1817 9
8166 22
1613 14
6129 3
1249 8
2486 12
4851 6
8484 15
4790 13
7877 16
8728 0
7224 1
2191 11
1900 19
9001 7
9957 2
9507 21
5016 4
126 18
1267 20
2671 17
6703 10
6992 9
9881 22
8756 14
7510 3
5052 8
488 12
4885 6
8824 15
8190 13
1849 16
8490 0
4844 1
8412 11
4068 19
660 7
6603 2
5988 21
9854 4
8478 18
4731 20
7290 17
2858 10
8570 9
5647 22
6444 14
4404 3
4013 8
105 12
1055 6
545 15
5456 13
4530 16
5279 0
2755 1
7536 11
5315 19
3123 7
1212 2
2113 21
1125 4
1244 18
2440 20
4394 17
3919 10
9173 9
1670 22
6702 14
6984 3
9799 8
7930 12
9256 6
2499 15
4982 13
9797 16
7914 0
9091 1
847 11
8474 19
4692 7
6895 2
8908 21
9033 4
268 18
2687 20
6864 17
8605 10
5998 9
9948 22
9426 14
4203 3
2003 8
19 12
195 6
1952 15
9519 13
5132 16
1292 0
2913 1
9116 11
1101 19
1011 7
106 2
1060 21
602 4
6021 18
175 20
1758 17
7580 10
5755 9
7518 22
5140 14
1371 3
3704 8
7022 12
176 6
1762 15
7619 13
6146 16
1425 0
4243 1
2402 11
4010 19
80 7
803 2
8030 21
253 4
2531 18
5303 20
3003 17
16 10
164 9
1643 22
6432 14
4284 3
2813 8
8119 12
1139 6
1385 15
3849 13
8474 16
4691 0
6882 1
8778 11
7728 19
7239 7
2344 2
3426 21
4248 4
2453 18
4523 20
5210 17
2072 10
710 9
7103 22
990 14
9906 3
8998 8
9927 12
9212 6
2059 15
582 13
5825 16
8222 0
2164 1
1626 11
6257 19
2536 7
5349 2
3455 21
4538 4
5353 18
3502 20
5007 17
42 10
424 9
4243 22
2411 14
4102 3
993 8
9933 12
9272 6
2659 15
6582 13
5783 16
7802 0
7971 1
9661 11
6551 19
5476 7
4728 2
7252 21
2480 4
4787 18
7849 20
8449 17
4441 10
4386 9
3835 22
8338 14
3330 3
3280 8
2782 12
7811 6
8063 15
580 13
5805 16
8022 0
164 1
1640 11
6397 19
3936 7
9342 2
3357 21
3558 4
5560 18
5572 20
5693 17
6902 10
8982 9
9767 22
7616 14
6117 3
1129 8
1286 12
2858 6
8568 15
5630 13
6270 16
2665 0
6636 1
6318 11
3142 19
1407 7
4066 2
632 21
6329 4
3249 18
2476 20
4754 17
7519 10
5145 9
1418 22
4182 14
1798 3
7974 8
9694 12
6882 6
8780 15
7750 13
7456 16
4518 0
5152 1
1485 11
4847 19
8450 7
4447 2
4442 21
4401 4
3983 18
9816 20
8105 17
1001 10
7 9
73 22
739 14
7396 3
3912 8
9102 12
962 6
9622 15
6163 13
1593 16
5930 0
9265 1
2587 11
5860 19
8573 7
5677 2
6735 21
7317 4
3122 18
1206 20
2061 17
603 10
6034 9
301 22
3019 14
175 3
1751 8
7506 12
5016 6
127 15
1276 13
2758 16
7573 0
5681 1
6775 11
7712 19
7079 7
744 2
7440 21
4360 4
3573 18
5716 20
7133 17
1288 10
2877 9
8759 22
7543 14
5387 3
3836 8
8342 12
3369 6
3671 15
6695 13
6913 16
9095 0
887 1
8870 11
8648 19
6432 7
4281 2
2782 21
7815 4
8102 18
971 20
9718 17
7124 10
1195 9
1946 22
9462 14
4563 3
5603 8
5998 12
9950 6
9439 15
4333 13
3307 16
3056 0
539 1
5390 11
3869 19
8677 7
6717 2
7128 21
1240 4
2394 18
3933 20
9317 17
3114 10
1123 9
1226 22
2262 14
2612 3
6107 8
1031 12
308 6
3082 15
805 13
8055 16
501 0
5010 1
65 11
654 19
6548 7
5441 2
4375 21
3731 4
7290 18
2858 20
8574 17
5691 10
6879 9
8751 22
7463 14
4587 3
5843 8
8398 12
3929 6
9271 15
2653 13
6521 16
5175 0
1715 1
7143 11
1385 19
3851 7
8492 2
4864 21
8621 4
6155 18
1515 20
5151 17
1482 10
4817 9
8145 22
1403 14
4029 3
263 8
2633 12
6321 6
3170 15
1685 13
6848 16
8445 0
4394 1
3912 11
9103 19
975 7
9753 2
7467 21
4630 4
6273 18
2695 20
6944 17
9405 10
3991 9
9892 22
8866 14
8610 3
6045 8
411 12
4115 6
1124 15
1239 13
2388 16
3873 0
8709 1
7034 11
295 19
2958 7
9569 2
5627 21
6244 4
2399 18
3983 20
9817 17
8114 10
1088 9
876 22
8769 14
7640 3
6352 8
3481 12
4794 6
7914 15
9097 13
912 16
9127 0
1207 1
2063 11
620 19
6208 7
2041 2
396 21
3969 4
9670 18
6644 20
6406 17
4025 10
226 9
2263 22
2625 14
6242 3
2379 8
3779 12
7774 6
7693 15
6887 13
8833 16
8281 0
2754 1
7526 11
5215 19
2123 7
1219 2
2183 21
1825 4
8244 18
2391 20
3904 17
9026 10
201 9
2013 22
125 14
1256 3
2554 8
5529 12
5260 6
2567 15
5662 13
6590 16
5865 0
8615 1
6094 11
902 19
9028 7
220 2
2200 21
1995 4
9944 18
9384 20
3785 17
7836 10
8315 9
3097 22
958 14
9586 3
5798 8
7948 12
9436 6
4299 15
2968 13
9671 16
6654 0
6498 1
4938 11
9356 19
3505 7
5032 2
285 21
2859 4
8577 18
5721 20
7183 17
1788 10
7877 9
8724 22
7193 14
1887 3
8864 8
8587 12
5819 6
8157 15
1520 13
5198 16
1952 0
9513 1
5067 11
639 19
6398 7
3941 2
9389 21
3836 4
8340 18
3351 20
3497 17
4956 10
9536 9
5300 22
2974 14
9732 3
7258 8
2534 12
5331 6
3277 15
2755 13
7541 16
5368 0
3645 1
6429 11
4252 19
2500 7
4989 2
9862 21
8566 4
5605 18
6022 20
186 17
1867 10
8667 9
6617 22
6137 14
1334 3
3334 8
3322 12
3204 6
2021 15
202 13
2025 16
243 0
2430 1
4286 11
2836 19
8354 7
3487 2
4849 21
8471 4
4655 18
6529 20
5256 17
2532 10
5310 9
3068 22
668 14
6686 3
6819 8
8151 12
1459 6
4585 15
5828 13
8250 16
2451 0
4496 1
4932 11
9296 19
2905 7
9039 2
327 21
3279 4
2770 18
7693 20
6889 17
8855 10
8498 9
4927 22
9251 14
2453 3
4517 8
5145 12
1420 6
4195 15
1928 13
9278 16
2724 0
7226 1
2211 11
2100 19
994 7
9943 2
9367 21
3616 4
6140 18
1365 20
3651 17
6496 10
4922 9
9195 22
1896 14
8959 3
9535 8
5290 12
2870 6
8688 15
6830 13
8263 16
2581 0
5796 1
7925 11
9205 19
1995 7
9946 2
9397 21
3916 4
9140 18
1344 20
3441 17
4396 10
3936 9
9342 22
3366 14
3645 3
6430 8
4261 12
2587 6
5858 15
8551 13
5459 16
4562 0
5592 1
5885 11
8819 19
8142 7
1367 2
3663 21
6618 4
6139 18
1355 20
3551 17
5496 10
4929 9
9265 22
2596 14
5952 3
9486 8
4800 12
7977 6
9723 15
7173 13
1686 16
6860 0
8558 1
5524 11
5209 19
2063 7
619 2
6190 21
1867 4
8664 18
6591 20
5876 17
8732 10
7268 9
2634 22
6335 14
3314 3
3120 8
1182 12
1818 6
8175 15
1700 13
6998 16
9945 0
9387 1
3807 11
8053 19
482 7
4823 2
8202 21
1973 4
9724 18
7184 20
1799 17
7990 10
9855 9
8490 22
4853 14
8508 3
5025 8
218 12
2185 6
1838 15
8379 13
3739 16
7376 0
3711 1
7089 11
845 19
8458 7
4527 2
5242 21
2394 4
3927 18
9256 20
2505 17
5043 10
399 9
3993 22
9918 14
9123 3
1168 8
1676 12
6758 6
7540 15
5357 13
3540 16
5386 0
3825 1
8229 11
2238 19
2374 7
3729 2
7269 21
2650 4
6487 18
4835 20
8330 17
3251 10
2493 9
4919 22
9171 14
1653 3
6524 8
5201 12
1980 6
9795 15
7893 13
8886 16
8811 0
8054 1
484 11
4844 19
8420 7
4147 2
1442 21
4422 4
4193 18
1909 20
9091 17
854 10
8544 9
5387 22
3844 14
8425 3
4195 8
1925 12
9248 6
2419 15
4182 13
1797 16
7970 0
9651 1
6447 11
4432 19
4300 7
2975 2
9736 21
7306 4
3012 18
106 20
1068 17
680 10
6804 9
8001 22
9970 14
9643 3
6368 8
3641 12
6394 6
3900 15
8985 13
9799 16
7934 0
9291 1
2847 11
8460 19
4552 7
5495 2
4915 21
9131 4
1248 18
2480 20
4794 17
7919 10
9145 9
1390 22
3902 14
9005 3
9995 8
9890 12
8842 6
8366 15
3610 13
6084 16
805 0
8050 1
444 11
4444 19
4420 7
4175 2
1722 21
7222 4
2172 18
1713 20
7131 17
1268 10
2677 9
6759 22
7557 14
5527 3
5236 8
2328 12
3271 6
2691 15
6902 13
8983 16
9781 0
7747 1
7421 11
4165 19
1630 7
6296 2
2918 21
9175 4
1688 18
6880 20
8766 17
7611 10
6065 9
611 22
6119 14
1154 3
1534 8
5336 12
3330 6
3281 15
2795 13
7941 16
9368 0
3617 1
6149 11
1452 19
4521 7
5185 2
1815 21
8152 4
1465 18
4650 20
6480 17
4765 10
7626 9
6214 22
2107 14
1062 3
614 8
6143 12
1393 6
3925 15
9235 13
2292 16
2913 0
9116 1
1097 11
967 19
9678 7
6720 2
7158 21
1540 4
5394 18
3912 20
9107 17
1014 10
137 9
1373 22
3732 14
7305 3
3002 8
2 12
25 6
252 15
2526 13
5251 16
2482 0
4806 1
8032 11
268 19
2688 7
6869 2
8648 21
6433 4
4289 18
2869 20
8684 17
6791 10
7872 9
8674 22
6693 14
6894 3
8899 8
8937 12
9319 6
3129 15
1275 13
2748 16
7473 0
4681 1
6782 11
7782 19
7779 7
7744 2
7391 21
3870 4
8680 18
6751 20
7476 17
4718 10
7156 9
1514 22
5142 14
1391 3
3904 8
9022 12
162 6
1622 15
6219 13
2153 16
1523 0
5223 1
2195 11
1940 19
9401 7
3950 2
9479 21
4736 4
7333 18
3288 20
2867 17
8663 10
6578 9
5741 22
7384 14
3797 3
7950 8
9454 12
4482 6
4794 15
7918 13
9136 16
1304 0
3033 1
309 11
3094 19
927 7
9273 2
2667 21
6665 4
6609 18
6055 20
516 17
5167 10
1639 9
6386 22
3827 14
8255 3
2495 8
4939 12
9367 6
3609 15
6075 13
713 16
7137 0
1321 1
3203 11
2013 19
124 7
1243 2
2423 21
4225 4
2223 18
2223 20
2224 17
2233 10
2320 9
3189 22
1878 14
8779 3
7735 8
7304 12
2996 6
9948 15
9423 13
4172 16
1699 0
6983 1
9788 11
7821 19
8169 7
1637 2
6363 21
3597 4
5950 18
9472 20
4665 17
6629 10
6252 9
2481 22
4805 14
8028 3
225 8
2253 12
2521 6
5198 15
1951 13
9508 16
5024 0
205 1
2050 11
490 19
4908 7
9055 2
487 21
4879 4
8763 18
7581 20
5769 17
7662 10
6575 9
5711 22
7084 14
797 3
7971 8
9664 12
6582 6
5780 15
7771 13
7666 16
6618 0
6138 1
1338 11
3377 19
3757 7
7552 2
5471 21
4684 4
6813 18
8095 20
902 17
9027 10
211 9
2113 22
1125 14
1249 3
2484 8
4829 12
8267 6
2616 15
6152 13
1483 16
4830 0
8272 1
2664 11
6630 19
6266 7
2621 2
6196 21
1927 4
9264 18
2584 20
5834 17
8312 10
3068 9
662 22
6629 14
6254 3
2499 8
4979 12
9767 6
7609 15
6047 13
433 16
4337 0
3342 1
3399 11
3973 19
9717 7
7110 2
1051 21
512 4
5121 18
1182 20
1821 17
8210 10
2048 9
469 22
4699 14
6968 3
9639 8
6330 12
3263 6
2611 15
6102 13
983 16
9837 0
8307 1
3014 11
123 19
1238 7
2376 2
3746 21
7448 4
4432 18
4299 20
2970 17
9693 10
6871 9
8671 22
6663 14
6594 3
5899 8
8958 12
9529 6
5229 15
2261 13
2601 16
6003 0
9995 1
9887 11
8811 19
8062 7
567 2
5670 21
6674 4
6699 18
6955 20
9516 17
5104 10
1009 9
86 22
869 14
8696 3
6905 8
9011 12
52 6
522 15
5226 13
2230 16
2293 0
2916 1
9146 11
1401 19
4011 7
85 2
850 21
8509 4
5035 18
322 20
3228 17
2266 10
2650 9
6489 22
4857 14
8548 3
5425 8
4218 12
2157 6
1558 15
5579 13
5760 16
7572 0
5671 1
6675 11
6712 19
7086 7
814 2
8140 21
1353 4
3524 18
5226 20
2233 17
2323 10
3220 9
2182 22
1815 14
8149 3
1435 8
4346 12
3437 6
4351 15
3488 13
4864 16
8619 0
6134 1
1298 11
2977 19
9764 7
7580 2
5751 21
7484 4
4792 18
7899 20
8949 17
9441 10
4351 9
3485 22
4838 14
8358 3
3525 8
5232 12
2290 6
2888 15
8872 13
8669 16
6641 0
6368 1
3638 11
6363 19
3596 7
5942 2
9385 21
3796 4
7940 18
9358 20
3525 17
5236 10
2329 9
3279 22
2778 14
7772 3
7672 8
6674 12
6703 6
6990 15
9864 13
8582 16
5771 0
7675 1
6701 11
6972 19
9686 7
6800 2
7958 21
9540 4
5338 18
3352 20
3507 17
5056 10
529 9
5293 22
2904 14
9032 3
258 8
2583 12
5821 6
8177 15
1720 13
7198 16
1938 0
9373 1
3667 11
6653 19
6496 7
4921 2
9182 21
1766 4
7654 18
6498 20
4946 17
9439 10
4331 9
3285 22
2838 14
8372 3
3665 8
6632 12
6283 6
2790 15
7892 13
8876 16
8711 0
7054 1
491 11
4914 19
9120 7
1140 2
1393 21
3932 4
9300 18
2944 20
9434 17
4284 10
2816 9
8149 22
1443 14
4429 3
4263 8
2605 12
6041 6
370 15
3706 13
7044 16
398 0
3980 1
9779 11
7731 19
7269 7
2644 2
6426 21
4227 4
2243 18
2423 20
4224 17
2219 10
2180 9
1789 22
7892 14
8877 3
8715 8
7097 12
926 6
9262 15
2563 13
5621 16
6182 0
1778 1
7773 11
7685 19
6809 7
8051 2
454 21
4549 4
5463 18
4602 20
6000 17
9972 10
9661 9
6550 22
5467 14
4641 3
6383 8
3791 12
7894 6
8893 15
8880 13
8749 16
7441 0
4361 1
3582 11
5803 19
8003 7
9984 2
9777 21
7716 4
7112 18
1078 20
781 17
7817 10
8125 9
1197 22
1972 14
9719 3
7128 8
1234 12
2338 6
3368 15
3665 13
6634 16
6305 0
3008 1
59 11
594 19
5948 7
9448 2
4417 21
4151 4
1483 18
4830 20
8280 17
2751 10
7500 9
4954 22
9521 14
5153 3
1496 8
4956 12
9537 6
5309 15
3061 13
594 16
5947 0
9435 1
4287 11
2846 19
8454 7
4487 2
4842 21
8401 4
3955 18
9536 20
5305 17
3022 10
203 9
2033 22
325 14
3256 3
2540 8
5389 12
3860 6
8581 15
5760 13
7570 16
5658 0
6545 1
5408 11
4049 19
470 7
4703 2
7002 21
9987 4
9808 18
8024 20
192 17
1927 10
9267 9
2610 22
6095 14
914 3
9141 8
1350 12
3498 6
4961 15
9588 13
5822 16
8192 0
1864 1
8633 11
6278 19
2746 7
7449 2
4441 21
4391 4
3883 18
8816 20
8112 17
1071 10
707 9
7073 22
690 14
6906 3
9019 8
130 12
1305 6
3045 15
435 13
4355 16
