0 1
0 11
4 19
48 7
483 2
4830 21
8281 4
2755 18
7543 20
5389 17
3862 10
8603 9
5977 22
9744 14
7383 3
3782 8
7802 12
7976 6
9713 15
7073 13
686 16
6867 0
8628 1
6224 11
2202 19
2014 7
129 2
1290 21
2902 4
9007 18
14 20
148 17
1487 10
4867 9
8645 22
6403 14
3994 3
9920 8
9140 12
1342 6
3415 15
4135 13
1327 16
3270 0
2679 1
6776 11
7722 19
7179 7
1744 2
7433 21
4290 4
2873 18
8723 20
7182 17
1778 10
7777 9
7724 22
7200 14
1957 3
9564 8
5580 12
5770 6
7667 15
6627 13
6233 16
2295 0
2936 1
9346 11
3401 19
3997 7
9952 2
9457 21
4516 4
5133 18
1302 20
3021 17
196 10
1964 9
9636 22
6306 14
3024 3
220 8
2203 12
2021 6
198 15
1986 13
9858 16
8524 0
5184 1
1805 11
8047 19
422 7
4223 2
2202 21
2015 4
137 18
1377 20
3771 17
7696 10
6915 9
9111 22
1056 14
559 3
5591 8
5878 12
8750 6
7446 15
4417 13
4147 16
1449 0
4483 1
4802 11
7996 19
9919 7
9130 2
1237 21
2372 4
3707 18
7056 20
519 17
5197 10
1939 9
9386 22
3806 14
8045 3
395 8
3953 12
9514 6
5079 15
761 13
7615 16
6108 0
1038 1
373 11
3734 19
7327 7
3224 2
2219 21
2185 4
1837 18
8370 20
3652 17
6506 10
5022 9
188 22
1889 14
8889 3
8835 8
8297 12
2919 6
9178 15
1723 13
7228 16
2238 0
2366 1
3646 11
6443 19
4396 7
3935 2
9329 21
3236 4
2340 18
3393 20
3917 17
9156 10
1501 9
5006 22
34 14
346 3
3461 8
4592 12
5897 6
8937 15
9320 13
3142 16
1406 0
4053 1
502 11
5024 19
213 7
2133 2
1316 21
3162 4
1600 18
6000 20
9973 17
9674 10
6681 9
6771 22
7677 14
6727 3
7229 8
2244 12
2431 6
4298 15
2958 13
9571 16
5654 0
6505 1
5008 11
49 19
498 7
4983 2
9802 21
7966 4
9612 18
6064 20
606 17
6067 10
632 9
6323 22
3197 14
1955 3
9544 8
5380 12
3770 6
7681 15
6767 13
7633 16
6288 0
2838 1
8366 11
3608 19
6067 7
631 2
6310 21
3067 4
650 18
6507 20
5036 17
332 10
3324 9
3222 22
2208 14
2072 3
707 8
7073 12
686 6
6862 15
8584 13
5789 16
7862 0
8571 1
5654 11
6509 19
5056 7
528 2
5280 21
2774 4
7727 18
7228 20
2239 17
2383 10
3820 9
8182 22
1773 14
7729 3
7242 8
2374 12
3731 6
7291 15
2867 13
8661 16
6561 0
5568 1
5645 11
6419 19
4156 7
1535 2
5343 21
3404 4
4020 18
179 20
1798 17
7980 10
9755 9
7490 22
4860 14
8578 3
5725 8
7218 12
2136 6
1348 15
3479 13
4774 16
7719 0
7141 1
1361 11
3607 19
6057 7
531 2
5310 21
3074 4
720 18
7207 20
2029 17
283 10
2834 9
8329 22
3243 14
2415 3
4137 8
1345 12
3448 6
4461 15
4588 13
5857 16
8542 0
5364 1
3605 11
6033 19
296 7
2963 2
9616 21
6106 4
1019 18
190 20
1908 17
9080 10
741 9
7413 22
4090 14
878 3
8781 8
7757 12
7526 6
5213 15
2101 13
1001 16
10 0
100 1
1000 11
10004 19
9985 7
9790 2
7837 21
8330 4
3245 18
2436 20
4354 17
3519 10
5173 9
1698 22
6982 14
9784 3
7778 8
7734 12
7296 6
2913 15
9122 13
1162 16
1620 0
6193 1
1888 11
8877 19
8722 7
7167 2
1621 21
6212 4
2079 18
783 20
7838 17
8338 10
3328 9
3262 22
2608 14
6072 3
679 8
6793 12
7893 6
8883 15
8780 13
7749 16
7448 0
4431 1
4282 11
2796 19
7954 7
9494 2
4877 21
8751 4
7455 18
4508 20
5060 17
572 10
5724 9
7208 22
2040 14
392 3
3921 8
9192 12
1862 6
8615 15
6100 13
963 16
9637 0
6307 1
3028 11
263 19
2638 7
6369 2
3648 21
6468 4
4639 18
6369 20
3656 17
6546 10
5422 9
4188 22
1861 14
8609 3
6035 8
311 12
3115 6
1131 15
1309 13
3088 16
866 0
8660 1
6544 11
5402 19
3993 7
9912 2
9057 21
516 4
5161 18
1582 20
5821 17
8182 10
1768 9
7676 22
6720 14
7164 3
1592 8
5916 12
9130 6
1239 15
2389 13
3881 16
8796 0
7904 1
8991 11
9858 19
8525 7
5197 2
1935 21
9352 4
3458 18
4566 20
5640 17
6372 10
3682 9
6802 22
7987 14
9827 3
8208 8
2027 12
261 6
2612 15
6112 13
1083 16
830 0
8300 1
2944 11
9430 19
4245 7
2425 2
4236 21
2341 4
3397 18
3956 20
9547 17
5414 10
4109 9
1065 22
652 14
6526 3
5219 8
2158 12
1571 6
5705 15
7021 13
166 16
1667 0
6663 1
6588 11
5842 19
8393 7
3877 2
8749 21
7443 4
4382 18
3799 20
7977 17
9728 10
7221 9
2164 22
1635 14
6349 3
3449 8
4472 12
4697 6
6944 15
9404 13
3982 16
9806 0
7997 1
9921 11
9151 19
1455 7
4546 2
5432 21
4294 4
2913 18
9123 20
1175 17
1750 10
7497 9
4924 22
9221 14
2153 3
1517 8
5166 12
1630 6
6295 15
2914 13
9131 16
1254 0
2533 1
5316 11
3129 19
1277 7
2766 2
7646 21
6420 4
4159 18
1569 20
5691 17
6882 10
8782 9
7767 22
7630 14
6257 3
2529 8
5279 12
2760 6
7588 15
5837 13
8340 16
3351 0
3489 1
4869 11
8666 19
6612 7
6081 2
768 21
7689 4
6842 18
8385 20
3802 17
8006 10
8 9
83 22
839 14
8396 3
3905 8
9032 12
262 6
2622 15
6212 13
2083 16
823 0
8230 1
2244 11
2430 19
4294 7
2915 2
9136 21
1306 4
3054 18
526 20
5268 17
2652 10
6510 9
5061 22
584 14
5846 3
8426 8
4207 12
2047 6
458 15
4586 13
5837 16
8342 0
3364 1
3619 11
6173 19
1696 7
6956 2
9518 21
5126 4
1226 18
2260 20
2594 17
5933 10
9299 9
2930 22
9295 14
2893 3
8917 8
9117 12
1112 6
1115 15
1149 13
1488 16
4880 0
8772 1
7664 11
6595 19
5916 7
9128 2
1217 21
2172 4
1707 18
7070 20
659 17
6597 10
5932 9
9288 22
2826 14
8252 3
2465 8
4639 12
6367 6
3630 15
6285 13
2813 16
8123 0
1174 1
1733 11
7327 19
3229 7
2272 2
2706 21
7055 4
502 18
5027 20
243 17
2437 10
4360 9
3575 22
5738 14
7351 3
3462 8
4602 12
5997 6
9937 15
9313 13
3072 16
706 0
7060 1
551 11
5514 19
5113 7
1098 2
973 21
9739 4
7328 18
3238 20
2367 17
3663 10
6613 9
6091 22
877 14
8776 3
7705 8
7004 12
10003 6
9969 15
9633 13
6272 16
2685 0
6836 1
8318 11
3128 19
1267 7
2666 2
6646 21
6427 4
4229 18
2269 20
2684 17
6833 10
8292 9
2867 22
8665 14
6600 3
5959 8
9558 12
5522 6
5187 15
1841 13
8408 16
4031 0
282 1
2820 11
8190 19
1852 7
8516 2
5104 21
1014 4
134 18
1347 20
3471 17
4696 10
6936 9
9321 22
3156 14
1545 3
5444 8
4408 12
4057 6
544 15
5446 13
4430 16
4279 0
2762 1
7606 11
6015 19
116 7
1163 2
1623 21
6232 4
2279 18
2783 20
7824 17
8198 10
1928 9
9276 22
2706 14
7052 3
472 8
4723 12
7207 6
2023 15
222 13
2225 16
2243 0
2416 1
4146 11
1436 19
4361 7
3585 2
5829 21
8264 4
2585 18
5843 20
8403 17
3981 10
9793 9
7870 22
8660 14
6550 3
5459 8
4558 12
5557 6
5537 15
5341 13
3380 16
3786 0
7839 1
8341 11
3358 19
3567 7
5652 2
6485 21
4817 4
8143 18
1381 20
3811 17
8096 10
908 9
9083 22
776 14
7766 3
7612 8
6074 12
703 6
7032 15
277 13
2775 16
7743 0
7381 1
3761 11
7593 19
5889 7
8858 2
8524 21
5193 4
1896 18
8960 20
9552 17
5464 10
4609 9
6065 22
617 14
6176 3
1719 8
7186 12
1816 6
8155 15
1500 13
4998 16
9959 0
9527 1
5207 11
2039 19
384 7
3843 2
8409 21
4043 4
403 18
4037 20
350 17
3507 10
5053 9
498 22
4989 14
9868 3
8618 8
6127 12
1233 6
2325 15
3242 13
2404 16
4033 0
302 1
3020 11
183 19
1838 7
8376 2
3704 21
7028 4
232 18
2327 20
3264 17
2626 10
6250 9
2461 22
4605 14
6028 3
239 8
2393 12
3921 6
9191 15
1853 13
8528 16
5231 0
2275 1
2736 11
7350 19
3459 7
4572 2
5692 21
6894 4
8899 18
8941 20
9362 17
3564 10
5623 9
6198 22
1947 14
9469 3
4628 8
6255 12
2513 6
5118 15
1151 13
1508 16
5080 0
765 1
7650 11
6455 19
4516 7
5135 2
1315 21
3152 4
1500 18
5000 20
9980 17
9744 10
7381 9
3764 22
7628 14
6237 3
2329 8
3279 12
2774 6
7728 15
7237 13
2326 16
3253 0
2509 1
5076 11
729 19
7298 7
2934 2
9326 21
3206 4
2040 18
393 20
3938 17
9366 10
3601 9
5992 22
9894 14
8883 3
8775 8
7697 12
6926 6
9220 15
2143 13
1421 16
4210 0
2072 1
706 11
7064 19
599 7
5993 2
9895 21
8896 4
8905 18
9001 20
9962 17
9564 10
5581 9
5778 22
7754 14
7497 3
4922 8
9195 12
1892 6
8915 15
9100 13
942 16
9427 0
4207 1
2042 11
410 19
4108 7
1055 2
543 21
5439 4
4356 18
3539 20
5377 17
3742 10
7403 9
3984 22
9828 14
8223 3
2175 8
1739 12
7388 6
3833 15
8315 13
3099 16
976 0
9760 1
7537 11
5325 19
3223 7
2212 2
2106 21
1055 4
544 18
5447 20
4443 17
4409 10
4066 9
635 22
6359 14
3554 3
5520 8
5168 12
1650 6
6495 15
4914 13
9117 16
1114 0
1133 1
1323 11
3227 19
2257 7
2559 2
5576 21
5734 4
7306 18
3018 20
